



<!DOCTYPE html>
<html lang="en" class=" is-copy-enabled emoji-size-boost is-u2f-enabled">
  <head prefix="og: http://ogp.me/ns# fb: http://ogp.me/ns/fb# object: http://ogp.me/ns/object# article: http://ogp.me/ns/article# profile: http://ogp.me/ns/profile#">
    <meta charset='utf-8'>
    

    <link crossorigin="anonymous" href="https://assets-cdn.github.com/assets/frameworks-c64b206fb6104fd10a7b4f7460f970885149c62649a7414df084683d7a0f7bf3.css" integrity="sha256-xksgb7YQT9EKe090YPlwiFFJxiZJp0FN8IRoPXoPe/M=" media="all" rel="stylesheet" />
    <link crossorigin="anonymous" href="https://assets-cdn.github.com/assets/github-b980eb242b3d12e6cc913cb0de2238c26db4e1128e467fc9c69832a957e10146.css" integrity="sha256-uYDrJCs9EubMkTyw3iI4wm204RKORn/JxpgyqVfhAUY=" media="all" rel="stylesheet" />
    
    
    
    

    <meta http-equiv="X-UA-Compatible" content="IE=edge">
    <meta http-equiv="Content-Language" content="en">
    <meta name="viewport" content="width=device-width">
    
    <title>introduction_to_most_usable_pkgs_in_project/titanic.csv at master · haven-jeon/introduction_to_most_usable_pkgs_in_project</title>
    <link rel="search" type="application/opensearchdescription+xml" href="/opensearch.xml" title="GitHub">
    <link rel="fluid-icon" href="https://github.com/fluidicon.png" title="GitHub">
    <link rel="apple-touch-icon" href="/apple-touch-icon.png">
    <link rel="apple-touch-icon" sizes="57x57" href="/apple-touch-icon-57x57.png">
    <link rel="apple-touch-icon" sizes="60x60" href="/apple-touch-icon-60x60.png">
    <link rel="apple-touch-icon" sizes="72x72" href="/apple-touch-icon-72x72.png">
    <link rel="apple-touch-icon" sizes="76x76" href="/apple-touch-icon-76x76.png">
    <link rel="apple-touch-icon" sizes="114x114" href="/apple-touch-icon-114x114.png">
    <link rel="apple-touch-icon" sizes="120x120" href="/apple-touch-icon-120x120.png">
    <link rel="apple-touch-icon" sizes="144x144" href="/apple-touch-icon-144x144.png">
    <link rel="apple-touch-icon" sizes="152x152" href="/apple-touch-icon-152x152.png">
    <link rel="apple-touch-icon" sizes="180x180" href="/apple-touch-icon-180x180.png">
    <meta property="fb:app_id" content="1401488693436528">

      <meta content="https://avatars1.githubusercontent.com/u/957840?v=3&amp;s=400" name="twitter:image:src" /><meta content="@github" name="twitter:site" /><meta content="summary" name="twitter:card" /><meta content="haven-jeon/introduction_to_most_usable_pkgs_in_project" name="twitter:title" /><meta content="introduction_to_most_usable_pkgs_in_project - 실제 프로젝트 하면서 필수인 패키지들 소개 " name="twitter:description" />
      <meta content="https://avatars1.githubusercontent.com/u/957840?v=3&amp;s=400" property="og:image" /><meta content="GitHub" property="og:site_name" /><meta content="object" property="og:type" /><meta content="haven-jeon/introduction_to_most_usable_pkgs_in_project" property="og:title" /><meta content="https://github.com/haven-jeon/introduction_to_most_usable_pkgs_in_project" property="og:url" /><meta content="introduction_to_most_usable_pkgs_in_project - 실제 프로젝트 하면서 필수인 패키지들 소개 " property="og:description" />
      <meta name="browser-stats-url" content="https://api.github.com/_private/browser/stats">
    <meta name="browser-errors-url" content="https://api.github.com/_private/browser/errors">
    <link rel="assets" href="https://assets-cdn.github.com/">
    <link rel="web-socket" href="wss://live.github.com/_sockets/MjQzMjQzNTU6NDAyNjJhOWRhZjk5NzM1Y2RjMTIzZDZmZDdiYjYyMTI6MjIxZDEzYTM1YTY0MjdiMWQxZjM5NjAxMDdkNThkYWI2ZjAxZjcwNDYyNTBhYmQ5NmQ2ZTdjYjVlNmE4ZjU1Yg==--694df42e9b9dfbf25a7ea4791bb448b7241738b6">
    <meta name="pjax-timeout" content="1000">
    <link rel="sudo-modal" href="/sessions/sudo_modal">
    <meta name="request-id" content="915E8E96:14CC:2C9FA83F:584578B8" data-pjax-transient>

    <meta name="msapplication-TileImage" content="/windows-tile.png">
    <meta name="msapplication-TileColor" content="#ffffff">
    <meta name="selected-link" value="repo_source" data-pjax-transient>

    <meta name="google-site-verification" content="KT5gs8h0wvaagLKAVWq8bbeNwnZZK1r1XQysX3xurLU">
<meta name="google-site-verification" content="ZzhVyEFwb7w3e0-uOTltm8Jsck2F5StVihD0exw2fsA">
    <meta name="google-analytics" content="UA-3769691-2">

<meta content="collector.githubapp.com" name="octolytics-host" /><meta content="github" name="octolytics-app-id" /><meta content="915E8E96:14CC:2C9FA83F:584578B8" name="octolytics-dimension-request_id" /><meta content="24324355" name="octolytics-actor-id" /><meta content="yuanfresa" name="octolytics-actor-login" /><meta content="c9a505694a71431a36f94db4ae6b3b862f9a8704589df3bc644ab9b6fa32c7e0" name="octolytics-actor-hash" />
<meta content="/&lt;user-name&gt;/&lt;repo-name&gt;/blob/show" data-pjax-transient="true" name="analytics-location" />



  <meta class="js-ga-set" name="dimension1" content="Logged In">



        <meta name="hostname" content="github.com">
    <meta name="user-login" content="yuanfresa">

        <meta name="expected-hostname" content="github.com">
      <meta name="js-proxy-site-detection-payload" content="ZjNkZGNmYTZmNTNkMGM2MDIwY2U5ZTk2Y2IxMDM0YzRjNWQ4MDAyZjgyYzdlZmM4MWJlMDMwNGRjN2ZhODRkOHx7InJlbW90ZV9hZGRyZXNzIjoiMTQ1Ljk0LjE0Mi4xNTAiLCJyZXF1ZXN0X2lkIjoiOTE1RThFOTY6MTRDQzoyQzlGQTgzRjo1ODQ1NzhCOCIsInRpbWVzdGFtcCI6MTQ4MDk0Nzg5OSwiaG9zdCI6ImdpdGh1Yi5jb20ifQ==">


      <link rel="mask-icon" href="https://assets-cdn.github.com/pinned-octocat.svg" color="#000000">
      <link rel="icon" type="image/x-icon" href="https://assets-cdn.github.com/favicon.ico">

    <meta name="html-safe-nonce" content="376c227e910f055cd4286a432f5a5ae12bb1ec4a">
    <meta content="a6ae33ff4f14d914a7cdc45a0e2258beb923a755" name="form-nonce" />

    <meta http-equiv="x-pjax-version" content="b0f4a2352c50fc806f464d861a5ac64c">
    

      
  <meta name="description" content="introduction_to_most_usable_pkgs_in_project - 실제 프로젝트 하면서 필수인 패키지들 소개 ">
  <meta name="go-import" content="github.com/haven-jeon/introduction_to_most_usable_pkgs_in_project git https://github.com/haven-jeon/introduction_to_most_usable_pkgs_in_project.git">

  <meta content="957840" name="octolytics-dimension-user_id" /><meta content="haven-jeon" name="octolytics-dimension-user_login" /><meta content="7832210" name="octolytics-dimension-repository_id" /><meta content="haven-jeon/introduction_to_most_usable_pkgs_in_project" name="octolytics-dimension-repository_nwo" /><meta content="true" name="octolytics-dimension-repository_public" /><meta content="false" name="octolytics-dimension-repository_is_fork" /><meta content="7832210" name="octolytics-dimension-repository_network_root_id" /><meta content="haven-jeon/introduction_to_most_usable_pkgs_in_project" name="octolytics-dimension-repository_network_root_nwo" />
  <link href="https://github.com/haven-jeon/introduction_to_most_usable_pkgs_in_project/commits/master.atom" rel="alternate" title="Recent Commits to introduction_to_most_usable_pkgs_in_project:master" type="application/atom+xml">


      <link rel="canonical" href="https://github.com/haven-jeon/introduction_to_most_usable_pkgs_in_project/blob/master/bicdata/data/titanic.csv" data-pjax-transient>
  </head>


  <body class="logged-in  env-production macintosh vis-public page-blob">
    <div id="js-pjax-loader-bar" class="pjax-loader-bar"><div class="progress"></div></div>
    <a href="#start-of-content" tabindex="1" class="accessibility-aid js-skip-to-content">Skip to content</a>

    
    
    



        <div class="header header-logged-in true" role="banner">
  <div class="container clearfix">

    <a class="header-logo-invertocat" href="https://github.com/" data-hotkey="g d" aria-label="Homepage" data-ga-click="Header, go to dashboard, icon:logo">
  <svg aria-hidden="true" class="octicon octicon-mark-github" height="28" version="1.1" viewBox="0 0 16 16" width="28"><path fill-rule="evenodd" d="M8 0C3.58 0 0 3.58 0 8c0 3.54 2.29 6.53 5.47 7.59.4.07.55-.17.55-.38 0-.19-.01-.82-.01-1.49-2.01.37-2.53-.49-2.69-.94-.09-.23-.48-.94-.82-1.13-.28-.15-.68-.52-.01-.53.63-.01 1.08.58 1.23.82.72 1.21 1.87.87 2.33.66.07-.52.28-.87.51-1.07-1.78-.2-3.64-.89-3.64-3.95 0-.87.31-1.59.82-2.15-.08-.2-.36-1.02.08-2.12 0 0 .67-.21 2.2.82.64-.18 1.32-.27 2-.27.68 0 1.36.09 2 .27 1.53-1.04 2.2-.82 2.2-.82.44 1.1.16 1.92.08 2.12.51.56.82 1.27.82 2.15 0 3.07-1.87 3.75-3.65 3.95.29.25.54.73.54 1.48 0 1.07-.01 1.93-.01 2.2 0 .21.15.46.55.38A8.013 8.013 0 0 0 16 8c0-4.42-3.58-8-8-8z"/></svg>
</a>


        <div class="header-search scoped-search site-scoped-search js-site-search" role="search">
  <!-- '"` --><!-- </textarea></xmp> --></option></form><form accept-charset="UTF-8" action="/haven-jeon/introduction_to_most_usable_pkgs_in_project/search" class="js-site-search-form" data-scoped-search-url="/haven-jeon/introduction_to_most_usable_pkgs_in_project/search" data-unscoped-search-url="/search" method="get"><div style="margin:0;padding:0;display:inline"><input name="utf8" type="hidden" value="&#x2713;" /></div>
    <label class="form-control header-search-wrapper js-chromeless-input-container">
      <div class="header-search-scope">This repository</div>
      <input type="text"
        class="form-control header-search-input js-site-search-focus js-site-search-field is-clearable"
        data-hotkey="s"
        name="q"
        placeholder="Search"
        aria-label="Search this repository"
        data-unscoped-placeholder="Search GitHub"
        data-scoped-placeholder="Search"
        autocapitalize="off">
    </label>
</form></div>


      <ul class="header-nav float-left" role="navigation">
        <li class="header-nav-item">
          <a href="/pulls" aria-label="Pull requests you created" class="js-selected-navigation-item header-nav-link" data-ga-click="Header, click, Nav menu - item:pulls context:user" data-hotkey="g p" data-selected-links="/pulls /pulls/assigned /pulls/mentioned /pulls">
            Pull requests
</a>        </li>
        <li class="header-nav-item">
          <a href="/issues" aria-label="Issues you created" class="js-selected-navigation-item header-nav-link" data-ga-click="Header, click, Nav menu - item:issues context:user" data-hotkey="g i" data-selected-links="/issues /issues/assigned /issues/mentioned /issues">
            Issues
</a>        </li>
          <li class="header-nav-item">
            <a class="header-nav-link" href="https://gist.github.com/" data-ga-click="Header, go to gist, text:gist">Gist</a>
          </li>
      </ul>

    
<ul class="header-nav user-nav float-right" id="user-links">
  <li class="header-nav-item">
    

  </li>

  <li class="header-nav-item dropdown js-menu-container">
    <a class="header-nav-link tooltipped tooltipped-s js-menu-target" href="/new"
       aria-label="Create new…"
       data-ga-click="Header, create new, icon:add">
      <svg aria-hidden="true" class="octicon octicon-plus float-left" height="16" version="1.1" viewBox="0 0 12 16" width="12"><path fill-rule="evenodd" d="M12 9H7v5H5V9H0V7h5V2h2v5h5z"/></svg>
      <span class="dropdown-caret"></span>
    </a>

    <div class="dropdown-menu-content js-menu-content">
      <ul class="dropdown-menu dropdown-menu-sw">
        
<a class="dropdown-item" href="/new" data-ga-click="Header, create new repository">
  New repository
</a>

  <a class="dropdown-item" href="/new/import" data-ga-click="Header, import a repository">
    Import repository
  </a>

<a class="dropdown-item" href="https://gist.github.com/" data-ga-click="Header, create new gist">
  New gist
</a>

  <a class="dropdown-item" href="/organizations/new" data-ga-click="Header, create new organization">
    New organization
  </a>



  <div class="dropdown-divider"></div>
  <div class="dropdown-header">
    <span title="haven-jeon/introduction_to_most_usable_pkgs_in_project">This repository</span>
  </div>
    <a class="dropdown-item" href="/haven-jeon/introduction_to_most_usable_pkgs_in_project/issues/new" data-ga-click="Header, create new issue">
      New issue
    </a>

      </ul>
    </div>
  </li>

  <li class="header-nav-item dropdown js-menu-container">
    <a class="header-nav-link name tooltipped tooltipped-sw js-menu-target" href="/yuanfresa"
       aria-label="View profile and more"
       data-ga-click="Header, show menu, icon:avatar">
      <img alt="@yuanfresa" class="avatar" height="20" src="https://avatars2.githubusercontent.com/u/24324355?v=3&amp;s=40" width="20" />
      <span class="dropdown-caret"></span>
    </a>

    <div class="dropdown-menu-content js-menu-content">
      <div class="dropdown-menu dropdown-menu-sw">
        <div class="dropdown-header header-nav-current-user css-truncate">
          Signed in as <strong class="css-truncate-target">yuanfresa</strong>
        </div>

        <div class="dropdown-divider"></div>

        <a class="dropdown-item" href="/yuanfresa" data-ga-click="Header, go to profile, text:your profile">
          Your profile
        </a>
        <a class="dropdown-item" href="/yuanfresa?tab=stars" data-ga-click="Header, go to starred repos, text:your stars">
          Your stars
        </a>
        <a class="dropdown-item" href="/explore" data-ga-click="Header, go to explore, text:explore">
          Explore
        </a>
          <a class="dropdown-item" href="/integrations" data-ga-click="Header, go to integrations, text:integrations">
            Integrations
          </a>
        <a class="dropdown-item" href="https://help.github.com" data-ga-click="Header, go to help, text:help">
          Help
        </a>

        <div class="dropdown-divider"></div>

        <a class="dropdown-item" href="/settings/profile" data-ga-click="Header, go to settings, icon:settings">
          Settings
        </a>

        <!-- '"` --><!-- </textarea></xmp> --></option></form><form accept-charset="UTF-8" action="/logout" class="logout-form" data-form-nonce="a6ae33ff4f14d914a7cdc45a0e2258beb923a755" method="post"><div style="margin:0;padding:0;display:inline"><input name="utf8" type="hidden" value="&#x2713;" /><input name="authenticity_token" type="hidden" value="/hRXZmyMTUyngZARHsHjhN+9FZxX/arQk89sGMZa87d2Psyt8Pzx0RvlBbO+NTw9r5TG2UF100cnUhIgl4F0cQ==" /></div>
          <button type="submit" class="dropdown-item dropdown-signout" data-ga-click="Header, sign out, icon:logout">
            Sign out
          </button>
</form>      </div>
    </div>
  </li>
</ul>


    
  </div>
</div>


      


    <div id="start-of-content" class="accessibility-aid"></div>

      <div id="js-flash-container">
</div>


    <div role="main">
        <div itemscope itemtype="http://schema.org/SoftwareSourceCode">
    <div id="js-repo-pjax-container" data-pjax-container>
      
<div class="pagehead repohead instapaper_ignore readability-menu experiment-repo-nav">
  <div class="container repohead-details-container">

    

<ul class="pagehead-actions">

  <li>
        <!-- '"` --><!-- </textarea></xmp> --></option></form><form accept-charset="UTF-8" action="/notifications/subscribe" class="js-social-container" data-autosubmit="true" data-form-nonce="a6ae33ff4f14d914a7cdc45a0e2258beb923a755" data-remote="true" method="post"><div style="margin:0;padding:0;display:inline"><input name="utf8" type="hidden" value="&#x2713;" /><input name="authenticity_token" type="hidden" value="eseFNJzohbrPLoaUxjSsclHFYIdBZAakTiewi33t8azy7R7/AJg5J3NKEzZmwHPLIeyzwlfsfzP6us6zLDZ2ag==" /></div>      <input class="form-control" id="repository_id" name="repository_id" type="hidden" value="7832210" />

        <div class="select-menu js-menu-container js-select-menu">
          <a href="/haven-jeon/introduction_to_most_usable_pkgs_in_project/subscription"
            class="btn btn-sm btn-with-count select-menu-button js-menu-target" role="button" tabindex="0" aria-haspopup="true"
            data-ga-click="Repository, click Watch settings, action:blob#show">
            <span class="js-select-button">
              <svg aria-hidden="true" class="octicon octicon-eye" height="16" version="1.1" viewBox="0 0 16 16" width="16"><path fill-rule="evenodd" d="M8.06 2C3 2 0 8 0 8s3 6 8.06 6C13 14 16 8 16 8s-3-6-7.94-6zM8 12c-2.2 0-4-1.78-4-4 0-2.2 1.8-4 4-4 2.22 0 4 1.8 4 4 0 2.22-1.78 4-4 4zm2-4c0 1.11-.89 2-2 2-1.11 0-2-.89-2-2 0-1.11.89-2 2-2 1.11 0 2 .89 2 2z"/></svg>
              Watch
            </span>
          </a>
          <a class="social-count js-social-count"
            href="/haven-jeon/introduction_to_most_usable_pkgs_in_project/watchers"
            aria-label="3 users are watching this repository">
            3
          </a>

        <div class="select-menu-modal-holder">
          <div class="select-menu-modal subscription-menu-modal js-menu-content" aria-hidden="true">
            <div class="select-menu-header js-navigation-enable" tabindex="-1">
              <svg aria-label="Close" class="octicon octicon-x js-menu-close" height="16" role="img" version="1.1" viewBox="0 0 12 16" width="12"><path fill-rule="evenodd" d="M7.48 8l3.75 3.75-1.48 1.48L6 9.48l-3.75 3.75-1.48-1.48L4.52 8 .77 4.25l1.48-1.48L6 6.52l3.75-3.75 1.48 1.48z"/></svg>
              <span class="select-menu-title">Notifications</span>
            </div>

              <div class="select-menu-list js-navigation-container" role="menu">

                <div class="select-menu-item js-navigation-item selected" role="menuitem" tabindex="0">
                  <svg aria-hidden="true" class="octicon octicon-check select-menu-item-icon" height="16" version="1.1" viewBox="0 0 12 16" width="12"><path fill-rule="evenodd" d="M12 5l-8 8-4-4 1.5-1.5L4 10l6.5-6.5z"/></svg>
                  <div class="select-menu-item-text">
                    <input checked="checked" id="do_included" name="do" type="radio" value="included" />
                    <span class="select-menu-item-heading">Not watching</span>
                    <span class="description">Be notified when participating or @mentioned.</span>
                    <span class="js-select-button-text hidden-select-button-text">
                      <svg aria-hidden="true" class="octicon octicon-eye" height="16" version="1.1" viewBox="0 0 16 16" width="16"><path fill-rule="evenodd" d="M8.06 2C3 2 0 8 0 8s3 6 8.06 6C13 14 16 8 16 8s-3-6-7.94-6zM8 12c-2.2 0-4-1.78-4-4 0-2.2 1.8-4 4-4 2.22 0 4 1.8 4 4 0 2.22-1.78 4-4 4zm2-4c0 1.11-.89 2-2 2-1.11 0-2-.89-2-2 0-1.11.89-2 2-2 1.11 0 2 .89 2 2z"/></svg>
                      Watch
                    </span>
                  </div>
                </div>

                <div class="select-menu-item js-navigation-item " role="menuitem" tabindex="0">
                  <svg aria-hidden="true" class="octicon octicon-check select-menu-item-icon" height="16" version="1.1" viewBox="0 0 12 16" width="12"><path fill-rule="evenodd" d="M12 5l-8 8-4-4 1.5-1.5L4 10l6.5-6.5z"/></svg>
                  <div class="select-menu-item-text">
                    <input id="do_subscribed" name="do" type="radio" value="subscribed" />
                    <span class="select-menu-item-heading">Watching</span>
                    <span class="description">Be notified of all conversations.</span>
                    <span class="js-select-button-text hidden-select-button-text">
                      <svg aria-hidden="true" class="octicon octicon-eye" height="16" version="1.1" viewBox="0 0 16 16" width="16"><path fill-rule="evenodd" d="M8.06 2C3 2 0 8 0 8s3 6 8.06 6C13 14 16 8 16 8s-3-6-7.94-6zM8 12c-2.2 0-4-1.78-4-4 0-2.2 1.8-4 4-4 2.22 0 4 1.8 4 4 0 2.22-1.78 4-4 4zm2-4c0 1.11-.89 2-2 2-1.11 0-2-.89-2-2 0-1.11.89-2 2-2 1.11 0 2 .89 2 2z"/></svg>
                      Unwatch
                    </span>
                  </div>
                </div>

                <div class="select-menu-item js-navigation-item " role="menuitem" tabindex="0">
                  <svg aria-hidden="true" class="octicon octicon-check select-menu-item-icon" height="16" version="1.1" viewBox="0 0 12 16" width="12"><path fill-rule="evenodd" d="M12 5l-8 8-4-4 1.5-1.5L4 10l6.5-6.5z"/></svg>
                  <div class="select-menu-item-text">
                    <input id="do_ignore" name="do" type="radio" value="ignore" />
                    <span class="select-menu-item-heading">Ignoring</span>
                    <span class="description">Never be notified.</span>
                    <span class="js-select-button-text hidden-select-button-text">
                      <svg aria-hidden="true" class="octicon octicon-mute" height="16" version="1.1" viewBox="0 0 16 16" width="16"><path fill-rule="evenodd" d="M8 2.81v10.38c0 .67-.81 1-1.28.53L3 10H1c-.55 0-1-.45-1-1V7c0-.55.45-1 1-1h2l3.72-3.72C7.19 1.81 8 2.14 8 2.81zm7.53 3.22l-1.06-1.06-1.97 1.97-1.97-1.97-1.06 1.06L11.44 8 9.47 9.97l1.06 1.06 1.97-1.97 1.97 1.97 1.06-1.06L13.56 8l1.97-1.97z"/></svg>
                      Stop ignoring
                    </span>
                  </div>
                </div>

              </div>

            </div>
          </div>
        </div>
</form>
  </li>

  <li>
    
  <div class="js-toggler-container js-social-container starring-container ">

    <!-- '"` --><!-- </textarea></xmp> --></option></form><form accept-charset="UTF-8" action="/haven-jeon/introduction_to_most_usable_pkgs_in_project/unstar" class="starred" data-form-nonce="a6ae33ff4f14d914a7cdc45a0e2258beb923a755" data-remote="true" method="post"><div style="margin:0;padding:0;display:inline"><input name="utf8" type="hidden" value="&#x2713;" /><input name="authenticity_token" type="hidden" value="DUNfq+QY0cd4nMWD1UUbYQcJkvuynzQvznOdX5XKxeaFacRgeGhtWsT4UCF1scTYdyBBvqQXTbh67uNnxBFCIA==" /></div>
      <button
        type="submit"
        class="btn btn-sm btn-with-count js-toggler-target"
        aria-label="Unstar this repository" title="Unstar haven-jeon/introduction_to_most_usable_pkgs_in_project"
        data-ga-click="Repository, click unstar button, action:blob#show; text:Unstar">
        <svg aria-hidden="true" class="octicon octicon-star" height="16" version="1.1" viewBox="0 0 14 16" width="14"><path fill-rule="evenodd" d="M14 6l-4.9-.64L7 1 4.9 5.36 0 6l3.6 3.26L2.67 14 7 11.67 11.33 14l-.93-4.74z"/></svg>
        Unstar
      </button>
        <a class="social-count js-social-count" href="/haven-jeon/introduction_to_most_usable_pkgs_in_project/stargazers"
           aria-label="4 users starred this repository">
          4
        </a>
</form>
    <!-- '"` --><!-- </textarea></xmp> --></option></form><form accept-charset="UTF-8" action="/haven-jeon/introduction_to_most_usable_pkgs_in_project/star" class="unstarred" data-form-nonce="a6ae33ff4f14d914a7cdc45a0e2258beb923a755" data-remote="true" method="post"><div style="margin:0;padding:0;display:inline"><input name="utf8" type="hidden" value="&#x2713;" /><input name="authenticity_token" type="hidden" value="K/41zs7c1poNjpLmS4akfOjg1zUah+p6GK8T43VQFQKj1K4FUqxqB7HqB0TrcnvFmMkEcAwPk+2sMm3bJIuSxA==" /></div>
      <button
        type="submit"
        class="btn btn-sm btn-with-count js-toggler-target"
        aria-label="Star this repository" title="Star haven-jeon/introduction_to_most_usable_pkgs_in_project"
        data-ga-click="Repository, click star button, action:blob#show; text:Star">
        <svg aria-hidden="true" class="octicon octicon-star" height="16" version="1.1" viewBox="0 0 14 16" width="14"><path fill-rule="evenodd" d="M14 6l-4.9-.64L7 1 4.9 5.36 0 6l3.6 3.26L2.67 14 7 11.67 11.33 14l-.93-4.74z"/></svg>
        Star
      </button>
        <a class="social-count js-social-count" href="/haven-jeon/introduction_to_most_usable_pkgs_in_project/stargazers"
           aria-label="4 users starred this repository">
          4
        </a>
</form>  </div>

  </li>

  <li>
          <!-- '"` --><!-- </textarea></xmp> --></option></form><form accept-charset="UTF-8" action="/haven-jeon/introduction_to_most_usable_pkgs_in_project/fork" class="btn-with-count" data-form-nonce="a6ae33ff4f14d914a7cdc45a0e2258beb923a755" method="post"><div style="margin:0;padding:0;display:inline"><input name="utf8" type="hidden" value="&#x2713;" /><input name="authenticity_token" type="hidden" value="Rx1T/d+7Mv1t7q1v5yNRtRx8s86so5dEvTiBe8r1q+7PN8g2Q8uOYNGKOM1H144MbFVgi7or7tMJpf9Dmy4sKA==" /></div>
            <button
                type="submit"
                class="btn btn-sm btn-with-count"
                data-ga-click="Repository, show fork modal, action:blob#show; text:Fork"
                title="Fork your own copy of haven-jeon/introduction_to_most_usable_pkgs_in_project to your account"
                aria-label="Fork your own copy of haven-jeon/introduction_to_most_usable_pkgs_in_project to your account">
              <svg aria-hidden="true" class="octicon octicon-repo-forked" height="16" version="1.1" viewBox="0 0 10 16" width="10"><path fill-rule="evenodd" d="M8 1a1.993 1.993 0 0 0-1 3.72V6L5 8 3 6V4.72A1.993 1.993 0 0 0 2 1a1.993 1.993 0 0 0-1 3.72V6.5l3 3v1.78A1.993 1.993 0 0 0 5 15a1.993 1.993 0 0 0 1-3.72V9.5l3-3V4.72A1.993 1.993 0 0 0 8 1zM2 4.2C1.34 4.2.8 3.65.8 3c0-.65.55-1.2 1.2-1.2.65 0 1.2.55 1.2 1.2 0 .65-.55 1.2-1.2 1.2zm3 10c-.66 0-1.2-.55-1.2-1.2 0-.65.55-1.2 1.2-1.2.65 0 1.2.55 1.2 1.2 0 .65-.55 1.2-1.2 1.2zm3-10c-.66 0-1.2-.55-1.2-1.2 0-.65.55-1.2 1.2-1.2.65 0 1.2.55 1.2 1.2 0 .65-.55 1.2-1.2 1.2z"/></svg>
              Fork
            </button>
</form>
    <a href="/haven-jeon/introduction_to_most_usable_pkgs_in_project/network" class="social-count"
       aria-label="7 users forked this repository">
      7
    </a>
  </li>
</ul>

    <h1 class="public ">
  <svg aria-hidden="true" class="octicon octicon-repo" height="16" version="1.1" viewBox="0 0 12 16" width="12"><path fill-rule="evenodd" d="M4 9H3V8h1v1zm0-3H3v1h1V6zm0-2H3v1h1V4zm0-2H3v1h1V2zm8-1v12c0 .55-.45 1-1 1H6v2l-1.5-1.5L3 16v-2H1c-.55 0-1-.45-1-1V1c0-.55.45-1 1-1h10c.55 0 1 .45 1 1zm-1 10H1v2h2v-1h3v1h5v-2zm0-10H2v9h9V1z"/></svg>
  <span class="author" itemprop="author"><a href="/haven-jeon" class="url fn" rel="author">haven-jeon</a></span><!--
--><span class="path-divider">/</span><!--
--><strong itemprop="name"><a href="/haven-jeon/introduction_to_most_usable_pkgs_in_project" data-pjax="#js-repo-pjax-container">introduction_to_most_usable_pkgs_in_project</a></strong>

</h1>

  </div>
  <div class="container">
    
<nav class="reponav js-repo-nav js-sidenav-container-pjax"
     itemscope
     itemtype="http://schema.org/BreadcrumbList"
     role="navigation"
     data-pjax="#js-repo-pjax-container">

  <span itemscope itemtype="http://schema.org/ListItem" itemprop="itemListElement">
    <a href="/haven-jeon/introduction_to_most_usable_pkgs_in_project" class="js-selected-navigation-item selected reponav-item" data-hotkey="g c" data-selected-links="repo_source repo_downloads repo_commits repo_releases repo_tags repo_branches /haven-jeon/introduction_to_most_usable_pkgs_in_project" itemprop="url">
      <svg aria-hidden="true" class="octicon octicon-code" height="16" version="1.1" viewBox="0 0 14 16" width="14"><path fill-rule="evenodd" d="M9.5 3L8 4.5 11.5 8 8 11.5 9.5 13 14 8 9.5 3zm-5 0L0 8l4.5 5L6 11.5 2.5 8 6 4.5 4.5 3z"/></svg>
      <span itemprop="name">Code</span>
      <meta itemprop="position" content="1">
</a>  </span>

    <span itemscope itemtype="http://schema.org/ListItem" itemprop="itemListElement">
      <a href="/haven-jeon/introduction_to_most_usable_pkgs_in_project/issues" class="js-selected-navigation-item reponav-item" data-hotkey="g i" data-selected-links="repo_issues repo_labels repo_milestones /haven-jeon/introduction_to_most_usable_pkgs_in_project/issues" itemprop="url">
        <svg aria-hidden="true" class="octicon octicon-issue-opened" height="16" version="1.1" viewBox="0 0 14 16" width="14"><path fill-rule="evenodd" d="M7 2.3c3.14 0 5.7 2.56 5.7 5.7s-2.56 5.7-5.7 5.7A5.71 5.71 0 0 1 1.3 8c0-3.14 2.56-5.7 5.7-5.7zM7 1C3.14 1 0 4.14 0 8s3.14 7 7 7 7-3.14 7-7-3.14-7-7-7zm1 3H6v5h2V4zm0 6H6v2h2v-2z"/></svg>
        <span itemprop="name">Issues</span>
        <span class="counter">0</span>
        <meta itemprop="position" content="2">
</a>    </span>

  <span itemscope itemtype="http://schema.org/ListItem" itemprop="itemListElement">
    <a href="/haven-jeon/introduction_to_most_usable_pkgs_in_project/pulls" class="js-selected-navigation-item reponav-item" data-hotkey="g p" data-selected-links="repo_pulls /haven-jeon/introduction_to_most_usable_pkgs_in_project/pulls" itemprop="url">
      <svg aria-hidden="true" class="octicon octicon-git-pull-request" height="16" version="1.1" viewBox="0 0 12 16" width="12"><path fill-rule="evenodd" d="M11 11.28V5c-.03-.78-.34-1.47-.94-2.06C9.46 2.35 8.78 2.03 8 2H7V0L4 3l3 3V4h1c.27.02.48.11.69.31.21.2.3.42.31.69v6.28A1.993 1.993 0 0 0 10 15a1.993 1.993 0 0 0 1-3.72zm-1 2.92c-.66 0-1.2-.55-1.2-1.2 0-.65.55-1.2 1.2-1.2.65 0 1.2.55 1.2 1.2 0 .65-.55 1.2-1.2 1.2zM4 3c0-1.11-.89-2-2-2a1.993 1.993 0 0 0-1 3.72v6.56A1.993 1.993 0 0 0 2 15a1.993 1.993 0 0 0 1-3.72V4.72c.59-.34 1-.98 1-1.72zm-.8 10c0 .66-.55 1.2-1.2 1.2-.65 0-1.2-.55-1.2-1.2 0-.65.55-1.2 1.2-1.2.65 0 1.2.55 1.2 1.2zM2 4.2C1.34 4.2.8 3.65.8 3c0-.65.55-1.2 1.2-1.2.65 0 1.2.55 1.2 1.2 0 .65-.55 1.2-1.2 1.2z"/></svg>
      <span itemprop="name">Pull requests</span>
      <span class="counter">0</span>
      <meta itemprop="position" content="3">
</a>  </span>

  <a href="/haven-jeon/introduction_to_most_usable_pkgs_in_project/projects" class="js-selected-navigation-item reponav-item" data-selected-links="repo_projects new_repo_project repo_project /haven-jeon/introduction_to_most_usable_pkgs_in_project/projects">
    <svg aria-hidden="true" class="octicon octicon-project" height="16" version="1.1" viewBox="0 0 15 16" width="15"><path fill-rule="evenodd" d="M10 12h3V2h-3v10zm-4-2h3V2H6v8zm-4 4h3V2H2v12zm-1 1h13V1H1v14zM14 0H1a1 1 0 0 0-1 1v14a1 1 0 0 0 1 1h13a1 1 0 0 0 1-1V1a1 1 0 0 0-1-1z"/></svg>
    Projects
    <span class="counter">0</span>
</a>
    <a href="/haven-jeon/introduction_to_most_usable_pkgs_in_project/wiki" class="js-selected-navigation-item reponav-item" data-hotkey="g w" data-selected-links="repo_wiki /haven-jeon/introduction_to_most_usable_pkgs_in_project/wiki">
      <svg aria-hidden="true" class="octicon octicon-book" height="16" version="1.1" viewBox="0 0 16 16" width="16"><path fill-rule="evenodd" d="M3 5h4v1H3V5zm0 3h4V7H3v1zm0 2h4V9H3v1zm11-5h-4v1h4V5zm0 2h-4v1h4V7zm0 2h-4v1h4V9zm2-6v9c0 .55-.45 1-1 1H9.5l-1 1-1-1H2c-.55 0-1-.45-1-1V3c0-.55.45-1 1-1h5.5l1 1 1-1H15c.55 0 1 .45 1 1zm-8 .5L7.5 3H2v9h6V3.5zm7-.5H9.5l-.5.5V12h6V3z"/></svg>
      Wiki
</a>

  <a href="/haven-jeon/introduction_to_most_usable_pkgs_in_project/pulse" class="js-selected-navigation-item reponav-item" data-selected-links="pulse /haven-jeon/introduction_to_most_usable_pkgs_in_project/pulse">
    <svg aria-hidden="true" class="octicon octicon-pulse" height="16" version="1.1" viewBox="0 0 14 16" width="14"><path fill-rule="evenodd" d="M11.5 8L8.8 5.4 6.6 8.5 5.5 1.6 2.38 8H0v2h3.6l.9-1.8.9 5.4L9 8.5l1.6 1.5H14V8z"/></svg>
    Pulse
</a>
  <a href="/haven-jeon/introduction_to_most_usable_pkgs_in_project/graphs" class="js-selected-navigation-item reponav-item" data-selected-links="repo_graphs repo_contributors /haven-jeon/introduction_to_most_usable_pkgs_in_project/graphs">
    <svg aria-hidden="true" class="octicon octicon-graph" height="16" version="1.1" viewBox="0 0 16 16" width="16"><path fill-rule="evenodd" d="M16 14v1H0V0h1v14h15zM5 13H3V8h2v5zm4 0H7V3h2v10zm4 0h-2V6h2v7z"/></svg>
    Graphs
</a>

</nav>

  </div>
</div>

<div class="container new-discussion-timeline experiment-repo-nav">
  <div class="repository-content">

    

<a href="/haven-jeon/introduction_to_most_usable_pkgs_in_project/blob/bde3b4eeedbb284aedb05b716676c8bb28a42ee4/bicdata/data/titanic.csv" class="d-none js-permalink-shortcut" data-hotkey="y">Permalink</a>

<!-- blob contrib key: blob_contributors:v21:7a58d8541bbc7d70ae8111144db94c8a -->

<div class="file-navigation js-zeroclipboard-container">
  
<div class="select-menu branch-select-menu js-menu-container js-select-menu float-left">
  <button class="btn btn-sm select-menu-button js-menu-target css-truncate" data-hotkey="w"
    
    type="button" aria-label="Switch branches or tags" tabindex="0" aria-haspopup="true">
    <i>Branch:</i>
    <span class="js-select-button css-truncate-target">master</span>
  </button>

  <div class="select-menu-modal-holder js-menu-content js-navigation-container" data-pjax aria-hidden="true">

    <div class="select-menu-modal">
      <div class="select-menu-header">
        <svg aria-label="Close" class="octicon octicon-x js-menu-close" height="16" role="img" version="1.1" viewBox="0 0 12 16" width="12"><path fill-rule="evenodd" d="M7.48 8l3.75 3.75-1.48 1.48L6 9.48l-3.75 3.75-1.48-1.48L4.52 8 .77 4.25l1.48-1.48L6 6.52l3.75-3.75 1.48 1.48z"/></svg>
        <span class="select-menu-title">Switch branches/tags</span>
      </div>

      <div class="select-menu-filters">
        <div class="select-menu-text-filter">
          <input type="text" aria-label="Filter branches/tags" id="context-commitish-filter-field" class="form-control js-filterable-field js-navigation-enable" placeholder="Filter branches/tags">
        </div>
        <div class="select-menu-tabs">
          <ul>
            <li class="select-menu-tab">
              <a href="#" data-tab-filter="branches" data-filter-placeholder="Filter branches/tags" class="js-select-menu-tab" role="tab">Branches</a>
            </li>
            <li class="select-menu-tab">
              <a href="#" data-tab-filter="tags" data-filter-placeholder="Find a tag…" class="js-select-menu-tab" role="tab">Tags</a>
            </li>
          </ul>
        </div>
      </div>

      <div class="select-menu-list select-menu-tab-bucket js-select-menu-tab-bucket" data-tab-filter="branches" role="menu">

        <div data-filterable-for="context-commitish-filter-field" data-filterable-type="substring">


            <a class="select-menu-item js-navigation-item js-navigation-open selected"
               href="/haven-jeon/introduction_to_most_usable_pkgs_in_project/blob/master/bicdata/data/titanic.csv"
               data-name="master"
               data-skip-pjax="true"
               rel="nofollow">
              <svg aria-hidden="true" class="octicon octicon-check select-menu-item-icon" height="16" version="1.1" viewBox="0 0 12 16" width="12"><path fill-rule="evenodd" d="M12 5l-8 8-4-4 1.5-1.5L4 10l6.5-6.5z"/></svg>
              <span class="select-menu-item-text css-truncate-target js-select-menu-filter-text">
                master
              </span>
            </a>
        </div>

          <div class="select-menu-no-results">Nothing to show</div>
      </div>

      <div class="select-menu-list select-menu-tab-bucket js-select-menu-tab-bucket" data-tab-filter="tags">
        <div data-filterable-for="context-commitish-filter-field" data-filterable-type="substring">


        </div>

        <div class="select-menu-no-results">Nothing to show</div>
      </div>

    </div>
  </div>
</div>

  <div class="BtnGroup float-right">
    <a href="/haven-jeon/introduction_to_most_usable_pkgs_in_project/find/master"
          class="js-pjax-capture-input btn btn-sm BtnGroup-item"
          data-pjax
          data-hotkey="t">
      Find file
    </a>
    <button aria-label="Copy file path to clipboard" class="js-zeroclipboard btn btn-sm BtnGroup-item tooltipped tooltipped-s" data-copied-hint="Copied!" type="button">Copy path</button>
  </div>
  <div class="breadcrumb js-zeroclipboard-target">
    <span class="repo-root js-repo-root"><span class="js-path-segment"><a href="/haven-jeon/introduction_to_most_usable_pkgs_in_project"><span>introduction_to_most_usable_pkgs_in_project</span></a></span></span><span class="separator">/</span><span class="js-path-segment"><a href="/haven-jeon/introduction_to_most_usable_pkgs_in_project/tree/master/bicdata"><span>bicdata</span></a></span><span class="separator">/</span><span class="js-path-segment"><a href="/haven-jeon/introduction_to_most_usable_pkgs_in_project/tree/master/bicdata/data"><span>data</span></a></span><span class="separator">/</span><strong class="final-path">titanic.csv</strong>
  </div>
</div>


  <div class="commit-tease">
      <span class="float-right">
        <a class="commit-tease-sha" href="/haven-jeon/introduction_to_most_usable_pkgs_in_project/commit/48fa20912ff170f5bc71cfa3592736326c1ded99" data-pjax>
          48fa209
        </a>
        <relative-time datetime="2013-01-26T02:11:47Z">Jan 26, 2013</relative-time>
      </span>
      <div>
        <img alt="@gogamza" class="avatar" height="20" src="https://avatars3.githubusercontent.com/u/26209?v=3&amp;s=40" width="20" />
        <a href="/gogamza" class="user-mention" rel="contributor">gogamza</a>
          <a href="/haven-jeon/introduction_to_most_usable_pkgs_in_project/commit/48fa20912ff170f5bc71cfa3592736326c1ded99" class="message" data-pjax="true" title="first commit">first commit</a>
      </div>

    <div class="commit-tease-contributors">
      <button type="button" class="btn-link muted-link contributors-toggle" data-facebox="#blob_contributors_box">
        <strong>1</strong>
         contributor
      </button>
      
    </div>

    <div id="blob_contributors_box" style="display:none">
      <h2 class="facebox-header" data-facebox-id="facebox-header">Users who have contributed to this file</h2>
      <ul class="facebox-user-list" data-facebox-id="facebox-description">
          <li class="facebox-user-list-item">
            <img alt="@gogamza" height="24" src="https://avatars1.githubusercontent.com/u/26209?v=3&amp;s=48" width="24" />
            <a href="/gogamza">gogamza</a>
          </li>
      </ul>
    </div>
  </div>


<div class="file">
  <div class="file-header">
  <div class="file-actions">

    <div class="BtnGroup">
      <a href="/haven-jeon/introduction_to_most_usable_pkgs_in_project/raw/master/bicdata/data/titanic.csv" class="btn btn-sm BtnGroup-item" id="raw-url">Raw</a>
        <a href="/haven-jeon/introduction_to_most_usable_pkgs_in_project/blame/master/bicdata/data/titanic.csv" class="btn btn-sm js-update-url-with-hash BtnGroup-item">Blame</a>
      <a href="/haven-jeon/introduction_to_most_usable_pkgs_in_project/commits/master/bicdata/data/titanic.csv" class="btn btn-sm BtnGroup-item" rel="nofollow">History</a>
    </div>

        <a class="btn-octicon tooltipped tooltipped-nw"
           href="https://mac.github.com"
           aria-label="Open this file in GitHub Desktop"
           data-ga-click="Repository, open with desktop, type:mac">
            <svg aria-hidden="true" class="octicon octicon-device-desktop" height="16" version="1.1" viewBox="0 0 16 16" width="16"><path fill-rule="evenodd" d="M15 2H1c-.55 0-1 .45-1 1v9c0 .55.45 1 1 1h5.34c-.25.61-.86 1.39-2.34 2h8c-1.48-.61-2.09-1.39-2.34-2H15c.55 0 1-.45 1-1V3c0-.55-.45-1-1-1zm0 9H1V3h14v8z"/></svg>
        </a>

        <!-- '"` --><!-- </textarea></xmp> --></option></form><form accept-charset="UTF-8" action="/haven-jeon/introduction_to_most_usable_pkgs_in_project/edit/master/bicdata/data/titanic.csv" class="inline-form js-update-url-with-hash" data-form-nonce="a6ae33ff4f14d914a7cdc45a0e2258beb923a755" method="post"><div style="margin:0;padding:0;display:inline"><input name="utf8" type="hidden" value="&#x2713;" /><input name="authenticity_token" type="hidden" value="vOgmxBj/NnnOKHOvkQ4wpvhk1Gm65Q2PufE7P5psm0Q0wr0PhI+K5HJM5g0x+u8fiE0HLKxtdBgNbEUHy7ccgg==" /></div>
          <button class="btn-octicon tooltipped tooltipped-nw" type="submit"
            aria-label="Fork this project and edit the file" data-hotkey="e" data-disable-with>
            <svg aria-hidden="true" class="octicon octicon-pencil" height="16" version="1.1" viewBox="0 0 14 16" width="14"><path fill-rule="evenodd" d="M0 12v3h3l8-8-3-3-8 8zm3 2H1v-2h1v1h1v1zm10.3-9.3L12 6 9 3l1.3-1.3a.996.996 0 0 1 1.41 0l1.59 1.59c.39.39.39 1.02 0 1.41z"/></svg>
          </button>
</form>        <!-- '"` --><!-- </textarea></xmp> --></option></form><form accept-charset="UTF-8" action="/haven-jeon/introduction_to_most_usable_pkgs_in_project/delete/master/bicdata/data/titanic.csv" class="inline-form" data-form-nonce="a6ae33ff4f14d914a7cdc45a0e2258beb923a755" method="post"><div style="margin:0;padding:0;display:inline"><input name="utf8" type="hidden" value="&#x2713;" /><input name="authenticity_token" type="hidden" value="FyMH2YIQzoROHsMkdtL1KwKPdKvtxo8+XqCuU0inMLCfCZwSHmByGfJ6VobWJiqScqan7vtO9qnqPdBrGXy3dg==" /></div>
          <button class="btn-octicon btn-octicon-danger tooltipped tooltipped-nw" type="submit"
            aria-label="Fork this project and delete the file" data-disable-with>
            <svg aria-hidden="true" class="octicon octicon-trashcan" height="16" version="1.1" viewBox="0 0 12 16" width="12"><path fill-rule="evenodd" d="M11 2H9c0-.55-.45-1-1-1H5c-.55 0-1 .45-1 1H2c-.55 0-1 .45-1 1v1c0 .55.45 1 1 1v9c0 .55.45 1 1 1h7c.55 0 1-.45 1-1V5c.55 0 1-.45 1-1V3c0-.55-.45-1-1-1zm-1 12H3V5h1v8h1V5h1v8h1V5h1v8h1V5h1v9zm1-10H2V3h9v1z"/></svg>
          </button>
</form>  </div>

  <div class="file-info">
      1311 lines (1310 sloc)
      <span class="file-info-divider"></span>
    144 KB
  </div>
</div>

  

  <div itemprop="text" class="blob-wrapper data type-csv">
      <div class="blob-interaction-bar">
  <svg aria-hidden="true" class="octicon octicon-search" height="16" version="1.1" viewBox="0 0 16 16" width="16"><path fill-rule="evenodd" d="M15.7 13.3l-3.81-3.83A5.93 5.93 0 0 0 13 6c0-3.31-2.69-6-6-6S1 2.69 1 6s2.69 6 6 6c1.3 0 2.48-.41 3.47-1.11l3.83 3.81c.19.2.45.3.7.3.25 0 .52-.09.7-.3a.996.996 0 0 0 0-1.41v.01zM7 10.7c-2.59 0-4.7-2.11-4.7-4.7 0-2.59 2.11-4.7 4.7-4.7 2.59 0 4.7 2.11 4.7 4.7 0 2.59-2.11 4.7-4.7 4.7z"/></svg>
  <input type="text" name="filter" class="form-control js-csv-filter-field blob-filter" autocapitalize="off"
         placeholder="Search this file…" aria-label="Search this file…">
</div>

<div class="markdown-body">
  <table class="js-csv-data csv-data js-file-line-container">
    <thead>
      <tr id="LC1" class="js-file-line">
        <td id="L1" class="blob-num js-line-number" data-line-number="1"></td>
        <th></th>
        <th>pclass</th>
        <th>survived</th>
        <th>name</th>
        <th>sex</th>
        <th>age</th>
        <th>sibsp</th>
        <th>parch</th>
        <th>ticket</th>
        <th>fare</th>
        <th>cabin</th>
        <th>embarked</th>
        <th>boat</th>
        <th>body</th>
        <th>home.dest</th>
      </tr>
    </thead>
    <tbody>
      <tr id="LC2" class="js-file-line">
        <td id="L2" class="blob-num js-line-number" data-line-number="2"></td>
        <td>1</td>
        <td>1st</td>
        <td>1</td>
        <td>Allen, Miss. Elisabeth Walton</td>
        <td>female</td>
        <td>29</td>
        <td>0</td>
        <td>0</td>
        <td>24160</td>
        <td>211.337494</td>
        <td>B5</td>
        <td>Southampton</td>
        <td>2</td>
        <td>NA</td>
        <td>St Louis, MO</td>
      </tr>
      <tr id="LC3" class="js-file-line">
        <td id="L3" class="blob-num js-line-number" data-line-number="3"></td>
        <td>2</td>
        <td>1st</td>
        <td>1</td>
        <td>Allison, Master. Hudson Trevor</td>
        <td>male</td>
        <td>0.916700006</td>
        <td>1</td>
        <td>2</td>
        <td>113781</td>
        <td>151.550003</td>
        <td>C22 C26</td>
        <td>Southampton</td>
        <td>11</td>
        <td>NA</td>
        <td>Montreal, PQ / Chesterville, ON</td>
      </tr>
      <tr id="LC4" class="js-file-line">
        <td id="L4" class="blob-num js-line-number" data-line-number="4"></td>
        <td>3</td>
        <td>1st</td>
        <td>0</td>
        <td>Allison, Miss. Helen Loraine</td>
        <td>female</td>
        <td>2</td>
        <td>1</td>
        <td>2</td>
        <td>113781</td>
        <td>151.550003</td>
        <td>C22 C26</td>
        <td>Southampton</td>
        <td></td>
        <td>NA</td>
        <td>Montreal, PQ / Chesterville, ON</td>
      </tr>
      <tr id="LC5" class="js-file-line">
        <td id="L5" class="blob-num js-line-number" data-line-number="5"></td>
        <td>4</td>
        <td>1st</td>
        <td>0</td>
        <td>Allison, Mr. Hudson Joshua Crei</td>
        <td>male</td>
        <td>30</td>
        <td>1</td>
        <td>2</td>
        <td>113781</td>
        <td>151.550003</td>
        <td>C22 C26</td>
        <td>Southampton</td>
        <td></td>
        <td>135</td>
        <td>Montreal, PQ / Chesterville, ON</td>
      </tr>
      <tr id="LC6" class="js-file-line">
        <td id="L6" class="blob-num js-line-number" data-line-number="6"></td>
        <td>5</td>
        <td>1st</td>
        <td>0</td>
        <td>Allison, Mrs. Hudson J C (Bessi</td>
        <td>female</td>
        <td>25</td>
        <td>1</td>
        <td>2</td>
        <td>113781</td>
        <td>151.550003</td>
        <td>C22 C26</td>
        <td>Southampton</td>
        <td></td>
        <td>NA</td>
        <td>Montreal, PQ / Chesterville, ON</td>
      </tr>
      <tr id="LC7" class="js-file-line">
        <td id="L7" class="blob-num js-line-number" data-line-number="7"></td>
        <td>6</td>
        <td>1st</td>
        <td>1</td>
        <td>Anderson, Mr. Harry</td>
        <td>male</td>
        <td>48</td>
        <td>0</td>
        <td>0</td>
        <td>19952</td>
        <td>26.5499992</td>
        <td>E12</td>
        <td>Southampton</td>
        <td>3</td>
        <td>NA</td>
        <td>New York, NY</td>
      </tr>
      <tr id="LC8" class="js-file-line">
        <td id="L8" class="blob-num js-line-number" data-line-number="8"></td>
        <td>7</td>
        <td>1st</td>
        <td>1</td>
        <td>Andrews, Miss. Kornelia Theodos</td>
        <td>female</td>
        <td>63</td>
        <td>1</td>
        <td>0</td>
        <td>13502</td>
        <td>77.9582977</td>
        <td>D7</td>
        <td>Southampton</td>
        <td>10</td>
        <td>NA</td>
        <td>Hudson, NY</td>
      </tr>
      <tr id="LC9" class="js-file-line">
        <td id="L9" class="blob-num js-line-number" data-line-number="9"></td>
        <td>8</td>
        <td>1st</td>
        <td>0</td>
        <td>Andrews, Mr. Thomas Jr</td>
        <td>male</td>
        <td>39</td>
        <td>0</td>
        <td>0</td>
        <td>112050</td>
        <td>0</td>
        <td>A36</td>
        <td>Southampton</td>
        <td></td>
        <td>NA</td>
        <td>Belfast, NI</td>
      </tr>
      <tr id="LC10" class="js-file-line">
        <td id="L10" class="blob-num js-line-number" data-line-number="10"></td>
        <td>9</td>
        <td>1st</td>
        <td>1</td>
        <td>Appleton, Mrs. Edward Dale (Cha</td>
        <td>female</td>
        <td>53</td>
        <td>2</td>
        <td>0</td>
        <td>11769</td>
        <td>51.4791985</td>
        <td>C101</td>
        <td>Southampton</td>
        <td>D</td>
        <td>NA</td>
        <td>Bayside, Queens, NY</td>
      </tr>
      <tr id="LC11" class="js-file-line">
        <td id="L11" class="blob-num js-line-number" data-line-number="11"></td>
        <td>10</td>
        <td>1st</td>
        <td>0</td>
        <td>Artagaveytia, Mr. Ramon</td>
        <td>male</td>
        <td>71</td>
        <td>0</td>
        <td>0</td>
        <td>PC 17609</td>
        <td>49.5042</td>
        <td></td>
        <td>Cherbourg</td>
        <td></td>
        <td>22</td>
        <td>Montevideo, Uruguay</td>
      </tr>
      <tr id="LC12" class="js-file-line">
        <td id="L12" class="blob-num js-line-number" data-line-number="12"></td>
        <td>11</td>
        <td>1st</td>
        <td>0</td>
        <td>Astor, Col. John Jacob</td>
        <td>male</td>
        <td>47</td>
        <td>1</td>
        <td>0</td>
        <td>PC 17757</td>
        <td>227.524994</td>
        <td>C62 C64</td>
        <td>Cherbourg</td>
        <td></td>
        <td>124</td>
        <td>New York, NY</td>
      </tr>
      <tr id="LC13" class="js-file-line">
        <td id="L13" class="blob-num js-line-number" data-line-number="13"></td>
        <td>12</td>
        <td>1st</td>
        <td>1</td>
        <td>Astor, Mrs. John Jacob (Madelei</td>
        <td>female</td>
        <td>18</td>
        <td>1</td>
        <td>0</td>
        <td>PC 17757</td>
        <td>227.524994</td>
        <td>C62 C64</td>
        <td>Cherbourg</td>
        <td>4</td>
        <td>NA</td>
        <td>New York, NY</td>
      </tr>
      <tr id="LC14" class="js-file-line">
        <td id="L14" class="blob-num js-line-number" data-line-number="14"></td>
        <td>13</td>
        <td>1st</td>
        <td>1</td>
        <td>Aubart, Mme. Leontine Pauline</td>
        <td>female</td>
        <td>24</td>
        <td>0</td>
        <td>0</td>
        <td>PC 17477</td>
        <td>69.3000031</td>
        <td>B35</td>
        <td>Cherbourg</td>
        <td>9</td>
        <td>NA</td>
        <td>Paris, France</td>
      </tr>
      <tr id="LC15" class="js-file-line">
        <td id="L15" class="blob-num js-line-number" data-line-number="15"></td>
        <td>14</td>
        <td>1st</td>
        <td>1</td>
        <td>Barber, Miss. Ellen \&quot;Nellie\&quot;</td>
        <td>female</td>
        <td>26</td>
        <td>0</td>
        <td>0</td>
        <td>19877</td>
        <td>78.8499985</td>
        <td></td>
        <td>Southampton</td>
        <td>6</td>
        <td>NA</td>
        <td></td>
      </tr>
      <tr id="LC16" class="js-file-line">
        <td id="L16" class="blob-num js-line-number" data-line-number="16"></td>
        <td>15</td>
        <td>1st</td>
        <td>1</td>
        <td>Barkworth, Mr. Algernon Henry W</td>
        <td>male</td>
        <td>80</td>
        <td>0</td>
        <td>0</td>
        <td>27042</td>
        <td>30</td>
        <td>A23</td>
        <td>Southampton</td>
        <td>B</td>
        <td>NA</td>
        <td>Hessle, Yorks</td>
      </tr>
      <tr id="LC17" class="js-file-line">
        <td id="L17" class="blob-num js-line-number" data-line-number="17"></td>
        <td>16</td>
        <td>1st</td>
        <td>0</td>
        <td>Baumann, Mr. John D</td>
        <td>male</td>
        <td>NA</td>
        <td>0</td>
        <td>0</td>
        <td>PC 17318</td>
        <td>25.9249992</td>
        <td></td>
        <td>Southampton</td>
        <td></td>
        <td>NA</td>
        <td>New York, NY</td>
      </tr>
      <tr id="LC18" class="js-file-line">
        <td id="L18" class="blob-num js-line-number" data-line-number="18"></td>
        <td>17</td>
        <td>1st</td>
        <td>0</td>
        <td>Baxter, Mr. Quigg Edmond</td>
        <td>male</td>
        <td>24</td>
        <td>0</td>
        <td>1</td>
        <td>PC 17558</td>
        <td>247.520798</td>
        <td>B58 B60</td>
        <td>Cherbourg</td>
        <td></td>
        <td>NA</td>
        <td>Montreal, PQ</td>
      </tr>
      <tr id="LC19" class="js-file-line">
        <td id="L19" class="blob-num js-line-number" data-line-number="19"></td>
        <td>18</td>
        <td>1st</td>
        <td>1</td>
        <td>Baxter, Mrs. James (Helene DeLa</td>
        <td>female</td>
        <td>50</td>
        <td>0</td>
        <td>1</td>
        <td>PC 17558</td>
        <td>247.520798</td>
        <td>B58 B60</td>
        <td>Cherbourg</td>
        <td>6</td>
        <td>NA</td>
        <td>Montreal, PQ</td>
      </tr>
      <tr id="LC20" class="js-file-line">
        <td id="L20" class="blob-num js-line-number" data-line-number="20"></td>
        <td>19</td>
        <td>1st</td>
        <td>1</td>
        <td>Bazzani, Miss. Albina</td>
        <td>female</td>
        <td>32</td>
        <td>0</td>
        <td>0</td>
        <td>11813</td>
        <td>76.2917023</td>
        <td>D15</td>
        <td>Cherbourg</td>
        <td>8</td>
        <td>NA</td>
        <td></td>
      </tr>
      <tr id="LC21" class="js-file-line">
        <td id="L21" class="blob-num js-line-number" data-line-number="21"></td>
        <td>20</td>
        <td>1st</td>
        <td>0</td>
        <td>Beattie, Mr. Thomson</td>
        <td>male</td>
        <td>36</td>
        <td>0</td>
        <td>0</td>
        <td>13050</td>
        <td>75.2416992</td>
        <td>C6</td>
        <td>Cherbourg</td>
        <td>A</td>
        <td>NA</td>
        <td>Winnipeg, MN</td>
      </tr>
      <tr id="LC22" class="js-file-line">
        <td id="L22" class="blob-num js-line-number" data-line-number="22"></td>
        <td>21</td>
        <td>1st</td>
        <td>1</td>
        <td>Beckwith, Mr. Richard Leonard</td>
        <td>male</td>
        <td>37</td>
        <td>1</td>
        <td>1</td>
        <td>11751</td>
        <td>52.5541992</td>
        <td>D35</td>
        <td>Southampton</td>
        <td>5</td>
        <td>NA</td>
        <td>New York, NY</td>
      </tr>
      <tr id="LC23" class="js-file-line">
        <td id="L23" class="blob-num js-line-number" data-line-number="23"></td>
        <td>22</td>
        <td>1st</td>
        <td>1</td>
        <td>Beckwith, Mrs. Richard Leonard</td>
        <td>female</td>
        <td>47</td>
        <td>1</td>
        <td>1</td>
        <td>11751</td>
        <td>52.5541992</td>
        <td>D35</td>
        <td>Southampton</td>
        <td>5</td>
        <td>NA</td>
        <td>New York, NY</td>
      </tr>
      <tr id="LC24" class="js-file-line">
        <td id="L24" class="blob-num js-line-number" data-line-number="24"></td>
        <td>23</td>
        <td>1st</td>
        <td>1</td>
        <td>Behr, Mr. Karl Howell</td>
        <td>male</td>
        <td>26</td>
        <td>0</td>
        <td>0</td>
        <td>111369</td>
        <td>30</td>
        <td>C148</td>
        <td>Cherbourg</td>
        <td>5</td>
        <td>NA</td>
        <td>New York, NY</td>
      </tr>
      <tr id="LC25" class="js-file-line">
        <td id="L25" class="blob-num js-line-number" data-line-number="25"></td>
        <td>24</td>
        <td>1st</td>
        <td>1</td>
        <td>Bidois, Miss. Rosalie</td>
        <td>female</td>
        <td>42</td>
        <td>0</td>
        <td>0</td>
        <td>PC 17757</td>
        <td>227.524994</td>
        <td></td>
        <td>Cherbourg</td>
        <td>4</td>
        <td>NA</td>
        <td></td>
      </tr>
      <tr id="LC26" class="js-file-line">
        <td id="L26" class="blob-num js-line-number" data-line-number="26"></td>
        <td>25</td>
        <td>1st</td>
        <td>1</td>
        <td>Bird, Miss. Ellen</td>
        <td>female</td>
        <td>29</td>
        <td>0</td>
        <td>0</td>
        <td>PC 17483</td>
        <td>221.779205</td>
        <td>C97</td>
        <td>Southampton</td>
        <td>8</td>
        <td>NA</td>
        <td></td>
      </tr>
      <tr id="LC27" class="js-file-line">
        <td id="L27" class="blob-num js-line-number" data-line-number="27"></td>
        <td>26</td>
        <td>1st</td>
        <td>0</td>
        <td>Birnbaum, Mr. Jakob</td>
        <td>male</td>
        <td>25</td>
        <td>0</td>
        <td>0</td>
        <td>13905</td>
        <td>26</td>
        <td></td>
        <td>Cherbourg</td>
        <td></td>
        <td>148</td>
        <td>San Francisco, CA</td>
      </tr>
      <tr id="LC28" class="js-file-line">
        <td id="L28" class="blob-num js-line-number" data-line-number="28"></td>
        <td>27</td>
        <td>1st</td>
        <td>1</td>
        <td>Bishop, Mr. Dickinson H</td>
        <td>male</td>
        <td>25</td>
        <td>1</td>
        <td>0</td>
        <td>11967</td>
        <td>91.0792007</td>
        <td>B49</td>
        <td>Cherbourg</td>
        <td>7</td>
        <td>NA</td>
        <td>Dowagiac, MI</td>
      </tr>
      <tr id="LC29" class="js-file-line">
        <td id="L29" class="blob-num js-line-number" data-line-number="29"></td>
        <td>28</td>
        <td>1st</td>
        <td>1</td>
        <td>Bishop, Mrs. Dickinson H (Helen</td>
        <td>female</td>
        <td>19</td>
        <td>1</td>
        <td>0</td>
        <td>11967</td>
        <td>91.0792007</td>
        <td>B49</td>
        <td>Cherbourg</td>
        <td>7</td>
        <td>NA</td>
        <td>Dowagiac, MI</td>
      </tr>
      <tr id="LC30" class="js-file-line">
        <td id="L30" class="blob-num js-line-number" data-line-number="30"></td>
        <td>29</td>
        <td>1st</td>
        <td>1</td>
        <td>Bissette, Miss. Amelia</td>
        <td>female</td>
        <td>35</td>
        <td>0</td>
        <td>0</td>
        <td>PC 17760</td>
        <td>135.633301</td>
        <td>C99</td>
        <td>Southampton</td>
        <td>8</td>
        <td>NA</td>
        <td></td>
      </tr>
      <tr id="LC31" class="js-file-line">
        <td id="L31" class="blob-num js-line-number" data-line-number="31"></td>
        <td>30</td>
        <td>1st</td>
        <td>1</td>
        <td>Bjornstrom-Steffansson, Mr. Mau</td>
        <td>male</td>
        <td>28</td>
        <td>0</td>
        <td>0</td>
        <td>110564</td>
        <td>26.5499992</td>
        <td>C52</td>
        <td>Southampton</td>
        <td>D</td>
        <td>NA</td>
        <td>Stockholm, Sweden / Washington,</td>
      </tr>
      <tr id="LC32" class="js-file-line">
        <td id="L32" class="blob-num js-line-number" data-line-number="32"></td>
        <td>31</td>
        <td>1st</td>
        <td>0</td>
        <td>Blackwell, Mr. Stephen Weart</td>
        <td>male</td>
        <td>45</td>
        <td>0</td>
        <td>0</td>
        <td>113784</td>
        <td>35.5</td>
        <td>T</td>
        <td>Southampton</td>
        <td></td>
        <td>NA</td>
        <td>Trenton, NJ</td>
      </tr>
      <tr id="LC33" class="js-file-line">
        <td id="L33" class="blob-num js-line-number" data-line-number="33"></td>
        <td>32</td>
        <td>1st</td>
        <td>1</td>
        <td>Blank, Mr. Henry</td>
        <td>male</td>
        <td>40</td>
        <td>0</td>
        <td>0</td>
        <td>112277</td>
        <td>31</td>
        <td>A31</td>
        <td>Cherbourg</td>
        <td>7</td>
        <td>NA</td>
        <td>Glen Ridge, NJ</td>
      </tr>
      <tr id="LC34" class="js-file-line">
        <td id="L34" class="blob-num js-line-number" data-line-number="34"></td>
        <td>33</td>
        <td>1st</td>
        <td>1</td>
        <td>Bonnell, Miss. Caroline</td>
        <td>female</td>
        <td>30</td>
        <td>0</td>
        <td>0</td>
        <td>36928</td>
        <td>164.866699</td>
        <td>C7</td>
        <td>Southampton</td>
        <td>8</td>
        <td>NA</td>
        <td>Youngstown, OH</td>
      </tr>
      <tr id="LC35" class="js-file-line">
        <td id="L35" class="blob-num js-line-number" data-line-number="35"></td>
        <td>34</td>
        <td>1st</td>
        <td>1</td>
        <td>Bonnell, Miss. Elizabeth</td>
        <td>female</td>
        <td>58</td>
        <td>0</td>
        <td>0</td>
        <td>113783</td>
        <td>26.5499992</td>
        <td>C103</td>
        <td>Southampton</td>
        <td>8</td>
        <td>NA</td>
        <td>Birkdale, England Cleveland, Oh</td>
      </tr>
      <tr id="LC36" class="js-file-line">
        <td id="L36" class="blob-num js-line-number" data-line-number="36"></td>
        <td>35</td>
        <td>1st</td>
        <td>0</td>
        <td>Borebank, Mr. John James</td>
        <td>male</td>
        <td>42</td>
        <td>0</td>
        <td>0</td>
        <td>110489</td>
        <td>26.5499992</td>
        <td>D22</td>
        <td>Southampton</td>
        <td></td>
        <td>NA</td>
        <td>London / Winnipeg, MB</td>
      </tr>
      <tr id="LC37" class="js-file-line">
        <td id="L37" class="blob-num js-line-number" data-line-number="37"></td>
        <td>36</td>
        <td>1st</td>
        <td>1</td>
        <td>Bowen, Miss. Grace Scott</td>
        <td>female</td>
        <td>45</td>
        <td>0</td>
        <td>0</td>
        <td>PC 17608</td>
        <td>262.375</td>
        <td></td>
        <td>Cherbourg</td>
        <td>4</td>
        <td>NA</td>
        <td>Cooperstown, NY</td>
      </tr>
      <tr id="LC38" class="js-file-line">
        <td id="L38" class="blob-num js-line-number" data-line-number="38"></td>
        <td>37</td>
        <td>1st</td>
        <td>1</td>
        <td>Bowerman, Miss. Elsie Edith</td>
        <td>female</td>
        <td>22</td>
        <td>0</td>
        <td>1</td>
        <td>113505</td>
        <td>55</td>
        <td>E33</td>
        <td>Southampton</td>
        <td>6</td>
        <td>NA</td>
        <td>St Leonards-on-Sea, England Ohi</td>
      </tr>
      <tr id="LC39" class="js-file-line">
        <td id="L39" class="blob-num js-line-number" data-line-number="39"></td>
        <td>38</td>
        <td>1st</td>
        <td>1</td>
        <td>Bradley, Mr. George (\&quot;George Ar</td>
        <td>male</td>
        <td>NA</td>
        <td>0</td>
        <td>0</td>
        <td>111427</td>
        <td>26.5499992</td>
        <td></td>
        <td>Southampton</td>
        <td>9</td>
        <td>NA</td>
        <td>Los Angeles, CA</td>
      </tr>
      <tr id="LC40" class="js-file-line">
        <td id="L40" class="blob-num js-line-number" data-line-number="40"></td>
        <td>39</td>
        <td>1st</td>
        <td>0</td>
        <td>Brady, Mr. John Bertram</td>
        <td>male</td>
        <td>41</td>
        <td>0</td>
        <td>0</td>
        <td>113054</td>
        <td>30.5</td>
        <td>A21</td>
        <td>Southampton</td>
        <td></td>
        <td>NA</td>
        <td>Pomeroy, WA</td>
      </tr>
      <tr id="LC41" class="js-file-line">
        <td id="L41" class="blob-num js-line-number" data-line-number="41"></td>
        <td>40</td>
        <td>1st</td>
        <td>0</td>
        <td>Brandeis, Mr. Emil</td>
        <td>male</td>
        <td>48</td>
        <td>0</td>
        <td>0</td>
        <td>PC 17591</td>
        <td>50.4958</td>
        <td>B10</td>
        <td>Cherbourg</td>
        <td></td>
        <td>208</td>
        <td>Omaha, NE</td>
      </tr>
      <tr id="LC42" class="js-file-line">
        <td id="L42" class="blob-num js-line-number" data-line-number="42"></td>
        <td>41</td>
        <td>1st</td>
        <td>0</td>
        <td>Brewe, Dr. Arthur Jackson</td>
        <td>male</td>
        <td>NA</td>
        <td>0</td>
        <td>0</td>
        <td>112379</td>
        <td>39.5999985</td>
        <td></td>
        <td>Cherbourg</td>
        <td></td>
        <td>NA</td>
        <td>Philadelphia, PA</td>
      </tr>
      <tr id="LC43" class="js-file-line">
        <td id="L43" class="blob-num js-line-number" data-line-number="43"></td>
        <td>42</td>
        <td>1st</td>
        <td>1</td>
        <td>Brown, Mrs. James Joseph (Marga</td>
        <td>female</td>
        <td>44</td>
        <td>0</td>
        <td>0</td>
        <td>PC 17610</td>
        <td>27.7208004</td>
        <td>B4</td>
        <td>Cherbourg</td>
        <td>6</td>
        <td>NA</td>
        <td>Denver, CO</td>
      </tr>
      <tr id="LC44" class="js-file-line">
        <td id="L44" class="blob-num js-line-number" data-line-number="44"></td>
        <td>43</td>
        <td>1st</td>
        <td>1</td>
        <td>Brown, Mrs. John Murray (Caroli</td>
        <td>female</td>
        <td>59</td>
        <td>2</td>
        <td>0</td>
        <td>11769</td>
        <td>51.4791985</td>
        <td>C101</td>
        <td>Southampton</td>
        <td>D</td>
        <td>NA</td>
        <td>Belmont, MA</td>
      </tr>
      <tr id="LC45" class="js-file-line">
        <td id="L45" class="blob-num js-line-number" data-line-number="45"></td>
        <td>44</td>
        <td>1st</td>
        <td>1</td>
        <td>Bucknell, Mrs. William Robert (</td>
        <td>female</td>
        <td>60</td>
        <td>0</td>
        <td>0</td>
        <td>11813</td>
        <td>76.2917023</td>
        <td>D15</td>
        <td>Cherbourg</td>
        <td>8</td>
        <td>NA</td>
        <td>Philadelphia, PA</td>
      </tr>
      <tr id="LC46" class="js-file-line">
        <td id="L46" class="blob-num js-line-number" data-line-number="46"></td>
        <td>45</td>
        <td>1st</td>
        <td>1</td>
        <td>Burns, Miss. Elizabeth Margaret</td>
        <td>female</td>
        <td>41</td>
        <td>0</td>
        <td>0</td>
        <td>16966</td>
        <td>134.5</td>
        <td>E40</td>
        <td>Cherbourg</td>
        <td>3</td>
        <td>NA</td>
        <td></td>
      </tr>
      <tr id="LC47" class="js-file-line">
        <td id="L47" class="blob-num js-line-number" data-line-number="47"></td>
        <td>46</td>
        <td>1st</td>
        <td>0</td>
        <td>Butt, Major. Archibald Willingh</td>
        <td>male</td>
        <td>45</td>
        <td>0</td>
        <td>0</td>
        <td>113050</td>
        <td>26.5499992</td>
        <td>B38</td>
        <td>Southampton</td>
        <td></td>
        <td>NA</td>
        <td>Washington, DC</td>
      </tr>
      <tr id="LC48" class="js-file-line">
        <td id="L48" class="blob-num js-line-number" data-line-number="48"></td>
        <td>47</td>
        <td>1st</td>
        <td>0</td>
        <td>Cairns, Mr. Alexander</td>
        <td>male</td>
        <td>NA</td>
        <td>0</td>
        <td>0</td>
        <td>113798</td>
        <td>31</td>
        <td></td>
        <td>Southampton</td>
        <td></td>
        <td>NA</td>
        <td></td>
      </tr>
      <tr id="LC49" class="js-file-line">
        <td id="L49" class="blob-num js-line-number" data-line-number="49"></td>
        <td>48</td>
        <td>1st</td>
        <td>1</td>
        <td>Calderhead, Mr. Edward Penningt</td>
        <td>male</td>
        <td>42</td>
        <td>0</td>
        <td>0</td>
        <td>PC 17476</td>
        <td>26.2875004</td>
        <td>E24</td>
        <td>Southampton</td>
        <td>5</td>
        <td>NA</td>
        <td>New York, NY</td>
      </tr>
      <tr id="LC50" class="js-file-line">
        <td id="L50" class="blob-num js-line-number" data-line-number="50"></td>
        <td>49</td>
        <td>1st</td>
        <td>1</td>
        <td>Candee, Mrs. Edward (Helen Chur</td>
        <td>female</td>
        <td>53</td>
        <td>0</td>
        <td>0</td>
        <td>PC 17606</td>
        <td>27.4458008</td>
        <td></td>
        <td>Cherbourg</td>
        <td>6</td>
        <td>NA</td>
        <td>Washington, DC</td>
      </tr>
      <tr id="LC51" class="js-file-line">
        <td id="L51" class="blob-num js-line-number" data-line-number="51"></td>
        <td>50</td>
        <td>1st</td>
        <td>1</td>
        <td>Cardeza, Mr. Thomas Drake Marti</td>
        <td>male</td>
        <td>36</td>
        <td>0</td>
        <td>1</td>
        <td>PC 17755</td>
        <td>512.329224</td>
        <td>B51 B53 B55</td>
        <td>Cherbourg</td>
        <td>3</td>
        <td>NA</td>
        <td>Austria-Hungary / Germantown, P</td>
      </tr>
      <tr id="LC52" class="js-file-line">
        <td id="L52" class="blob-num js-line-number" data-line-number="52"></td>
        <td>51</td>
        <td>1st</td>
        <td>1</td>
        <td>Cardeza, Mrs. James Warburton M</td>
        <td>female</td>
        <td>58</td>
        <td>0</td>
        <td>1</td>
        <td>PC 17755</td>
        <td>512.329224</td>
        <td>B51 B53 B55</td>
        <td>Cherbourg</td>
        <td>3</td>
        <td>NA</td>
        <td>Germantown, Philadelphia, PA</td>
      </tr>
      <tr id="LC53" class="js-file-line">
        <td id="L53" class="blob-num js-line-number" data-line-number="53"></td>
        <td>52</td>
        <td>1st</td>
        <td>0</td>
        <td>Carlsson, Mr. Frans Olof</td>
        <td>male</td>
        <td>33</td>
        <td>0</td>
        <td>0</td>
        <td>695</td>
        <td>5</td>
        <td>B51 B53 B55</td>
        <td>Southampton</td>
        <td></td>
        <td>NA</td>
        <td>New York, NY</td>
      </tr>
      <tr id="LC54" class="js-file-line">
        <td id="L54" class="blob-num js-line-number" data-line-number="54"></td>
        <td>53</td>
        <td>1st</td>
        <td>0</td>
        <td>Carrau, Mr. Francisco M</td>
        <td>male</td>
        <td>28</td>
        <td>0</td>
        <td>0</td>
        <td>113059</td>
        <td>47.0999985</td>
        <td></td>
        <td>Southampton</td>
        <td></td>
        <td>NA</td>
        <td>Montevideo, Uruguay</td>
      </tr>
      <tr id="LC55" class="js-file-line">
        <td id="L55" class="blob-num js-line-number" data-line-number="55"></td>
        <td>54</td>
        <td>1st</td>
        <td>0</td>
        <td>Carrau, Mr. Jose Pedro</td>
        <td>male</td>
        <td>17</td>
        <td>0</td>
        <td>0</td>
        <td>113059</td>
        <td>47.0999985</td>
        <td></td>
        <td>Southampton</td>
        <td></td>
        <td>NA</td>
        <td>Montevideo, Uruguay</td>
      </tr>
      <tr id="LC56" class="js-file-line">
        <td id="L56" class="blob-num js-line-number" data-line-number="56"></td>
        <td>55</td>
        <td>1st</td>
        <td>1</td>
        <td>Carter, Master. William Thornto</td>
        <td>male</td>
        <td>11</td>
        <td>1</td>
        <td>2</td>
        <td>113760</td>
        <td>120</td>
        <td>B96 B98</td>
        <td>Southampton</td>
        <td>4</td>
        <td>NA</td>
        <td>Bryn Mawr, PA</td>
      </tr>
      <tr id="LC57" class="js-file-line">
        <td id="L57" class="blob-num js-line-number" data-line-number="57"></td>
        <td>56</td>
        <td>1st</td>
        <td>1</td>
        <td>Carter, Miss. Lucile Polk</td>
        <td>female</td>
        <td>14</td>
        <td>1</td>
        <td>2</td>
        <td>113760</td>
        <td>120</td>
        <td>B96 B98</td>
        <td>Southampton</td>
        <td>4</td>
        <td>NA</td>
        <td>Bryn Mawr, PA</td>
      </tr>
      <tr id="LC58" class="js-file-line">
        <td id="L58" class="blob-num js-line-number" data-line-number="58"></td>
        <td>57</td>
        <td>1st</td>
        <td>1</td>
        <td>Carter, Mr. William Ernest</td>
        <td>male</td>
        <td>36</td>
        <td>1</td>
        <td>2</td>
        <td>113760</td>
        <td>120</td>
        <td>B96 B98</td>
        <td>Southampton</td>
        <td>C</td>
        <td>NA</td>
        <td>Bryn Mawr, PA</td>
      </tr>
      <tr id="LC59" class="js-file-line">
        <td id="L59" class="blob-num js-line-number" data-line-number="59"></td>
        <td>58</td>
        <td>1st</td>
        <td>1</td>
        <td>Carter, Mrs. William Ernest (Lu</td>
        <td>female</td>
        <td>36</td>
        <td>1</td>
        <td>2</td>
        <td>113760</td>
        <td>120</td>
        <td>B96 B98</td>
        <td>Southampton</td>
        <td>4</td>
        <td>NA</td>
        <td>Bryn Mawr, PA</td>
      </tr>
      <tr id="LC60" class="js-file-line">
        <td id="L60" class="blob-num js-line-number" data-line-number="60"></td>
        <td>59</td>
        <td>1st</td>
        <td>0</td>
        <td>Case, Mr. Howard Brown</td>
        <td>male</td>
        <td>49</td>
        <td>0</td>
        <td>0</td>
        <td>19924</td>
        <td>26</td>
        <td></td>
        <td>Southampton</td>
        <td></td>
        <td>NA</td>
        <td>Ascot, Berkshire / Rochester, N</td>
      </tr>
      <tr id="LC61" class="js-file-line">
        <td id="L61" class="blob-num js-line-number" data-line-number="61"></td>
        <td>60</td>
        <td>1st</td>
        <td>1</td>
        <td>Cassebeer, Mrs. Henry Arthur Jr</td>
        <td>female</td>
        <td>NA</td>
        <td>0</td>
        <td>0</td>
        <td>17770</td>
        <td>27.7208004</td>
        <td></td>
        <td>Cherbourg</td>
        <td>5</td>
        <td>NA</td>
        <td>New York, NY</td>
      </tr>
      <tr id="LC62" class="js-file-line">
        <td id="L62" class="blob-num js-line-number" data-line-number="62"></td>
        <td>61</td>
        <td>1st</td>
        <td>0</td>
        <td>Cavendish, Mr. Tyrell William</td>
        <td>male</td>
        <td>36</td>
        <td>1</td>
        <td>0</td>
        <td>19877</td>
        <td>78.8499985</td>
        <td>C46</td>
        <td>Southampton</td>
        <td></td>
        <td>172</td>
        <td>Little Onn Hall, Staffs</td>
      </tr>
      <tr id="LC63" class="js-file-line">
        <td id="L63" class="blob-num js-line-number" data-line-number="63"></td>
        <td>62</td>
        <td>1st</td>
        <td>1</td>
        <td>Cavendish, Mrs. Tyrell William</td>
        <td>female</td>
        <td>76</td>
        <td>1</td>
        <td>0</td>
        <td>19877</td>
        <td>78.8499985</td>
        <td>C46</td>
        <td>Southampton</td>
        <td>6</td>
        <td>NA</td>
        <td>Little Onn Hall, Staffs</td>
      </tr>
      <tr id="LC64" class="js-file-line">
        <td id="L64" class="blob-num js-line-number" data-line-number="64"></td>
        <td>63</td>
        <td>1st</td>
        <td>0</td>
        <td>Chaffee, Mr. Herbert Fuller</td>
        <td>male</td>
        <td>46</td>
        <td>1</td>
        <td>0</td>
        <td>W.E.P. 5734</td>
        <td>61.1749992</td>
        <td>E31</td>
        <td>Southampton</td>
        <td></td>
        <td>NA</td>
        <td>Amenia, ND</td>
      </tr>
      <tr id="LC65" class="js-file-line">
        <td id="L65" class="blob-num js-line-number" data-line-number="65"></td>
        <td>64</td>
        <td>1st</td>
        <td>1</td>
        <td>Chaffee, Mrs. Herbert Fuller (C</td>
        <td>female</td>
        <td>47</td>
        <td>1</td>
        <td>0</td>
        <td>W.E.P. 5734</td>
        <td>61.1749992</td>
        <td>E31</td>
        <td>Southampton</td>
        <td>4</td>
        <td>NA</td>
        <td>Amenia, ND</td>
      </tr>
      <tr id="LC66" class="js-file-line">
        <td id="L66" class="blob-num js-line-number" data-line-number="66"></td>
        <td>65</td>
        <td>1st</td>
        <td>1</td>
        <td>Chambers, Mr. Norman Campbell</td>
        <td>male</td>
        <td>27</td>
        <td>1</td>
        <td>0</td>
        <td>113806</td>
        <td>53.0999985</td>
        <td>E8</td>
        <td>Southampton</td>
        <td>5</td>
        <td>NA</td>
        <td>New York, NY / Ithaca, NY</td>
      </tr>
      <tr id="LC67" class="js-file-line">
        <td id="L67" class="blob-num js-line-number" data-line-number="67"></td>
        <td>66</td>
        <td>1st</td>
        <td>1</td>
        <td>Chambers, Mrs. Norman Campbell</td>
        <td>female</td>
        <td>33</td>
        <td>1</td>
        <td>0</td>
        <td>113806</td>
        <td>53.0999985</td>
        <td>E8</td>
        <td>Southampton</td>
        <td>5</td>
        <td>NA</td>
        <td>New York, NY / Ithaca, NY</td>
      </tr>
      <tr id="LC68" class="js-file-line">
        <td id="L68" class="blob-num js-line-number" data-line-number="68"></td>
        <td>67</td>
        <td>1st</td>
        <td>1</td>
        <td>Chaudanson, Miss. Victorine</td>
        <td>female</td>
        <td>36</td>
        <td>0</td>
        <td>0</td>
        <td>PC 17608</td>
        <td>262.375</td>
        <td>B61</td>
        <td>Cherbourg</td>
        <td>4</td>
        <td>NA</td>
        <td></td>
      </tr>
      <tr id="LC69" class="js-file-line">
        <td id="L69" class="blob-num js-line-number" data-line-number="69"></td>
        <td>68</td>
        <td>1st</td>
        <td>1</td>
        <td>Cherry, Miss. Gladys</td>
        <td>female</td>
        <td>30</td>
        <td>0</td>
        <td>0</td>
        <td>110152</td>
        <td>86.5</td>
        <td>B77</td>
        <td>Southampton</td>
        <td>8</td>
        <td>NA</td>
        <td>London, England</td>
      </tr>
      <tr id="LC70" class="js-file-line">
        <td id="L70" class="blob-num js-line-number" data-line-number="70"></td>
        <td>69</td>
        <td>1st</td>
        <td>1</td>
        <td>Chevre, Mr. Paul Romaine</td>
        <td>male</td>
        <td>45</td>
        <td>0</td>
        <td>0</td>
        <td>PC 17594</td>
        <td>29.7000008</td>
        <td>A9</td>
        <td>Cherbourg</td>
        <td>7</td>
        <td>NA</td>
        <td>Paris, France</td>
      </tr>
      <tr id="LC71" class="js-file-line">
        <td id="L71" class="blob-num js-line-number" data-line-number="71"></td>
        <td>70</td>
        <td>1st</td>
        <td>1</td>
        <td>Chibnall, Mrs. (Edith Martha Bo</td>
        <td>female</td>
        <td>NA</td>
        <td>0</td>
        <td>1</td>
        <td>113505</td>
        <td>55</td>
        <td>E33</td>
        <td>Southampton</td>
        <td>6</td>
        <td>NA</td>
        <td>St Leonards-on-Sea, England Ohi</td>
      </tr>
      <tr id="LC72" class="js-file-line">
        <td id="L72" class="blob-num js-line-number" data-line-number="72"></td>
        <td>71</td>
        <td>1st</td>
        <td>0</td>
        <td>Chisholm, Mr. Roderick Robert C</td>
        <td>male</td>
        <td>NA</td>
        <td>0</td>
        <td>0</td>
        <td>112051</td>
        <td>0</td>
        <td></td>
        <td>Southampton</td>
        <td></td>
        <td>NA</td>
        <td>Liverpool, England / Belfast</td>
      </tr>
      <tr id="LC73" class="js-file-line">
        <td id="L73" class="blob-num js-line-number" data-line-number="73"></td>
        <td>72</td>
        <td>1st</td>
        <td>0</td>
        <td>Clark, Mr. Walter Miller</td>
        <td>male</td>
        <td>27</td>
        <td>1</td>
        <td>0</td>
        <td>13508</td>
        <td>136.779205</td>
        <td>C89</td>
        <td>Cherbourg</td>
        <td></td>
        <td>NA</td>
        <td>Los Angeles, CA</td>
      </tr>
      <tr id="LC74" class="js-file-line">
        <td id="L74" class="blob-num js-line-number" data-line-number="74"></td>
        <td>73</td>
        <td>1st</td>
        <td>1</td>
        <td>Clark, Mrs. Walter Miller (Virg</td>
        <td>female</td>
        <td>26</td>
        <td>1</td>
        <td>0</td>
        <td>13508</td>
        <td>136.779205</td>
        <td>C89</td>
        <td>Cherbourg</td>
        <td>4</td>
        <td>NA</td>
        <td>Los Angeles, CA</td>
      </tr>
      <tr id="LC75" class="js-file-line">
        <td id="L75" class="blob-num js-line-number" data-line-number="75"></td>
        <td>74</td>
        <td>1st</td>
        <td>1</td>
        <td>Cleaver, Miss. Alice</td>
        <td>female</td>
        <td>22</td>
        <td>0</td>
        <td>0</td>
        <td>113781</td>
        <td>151.550003</td>
        <td></td>
        <td>Southampton</td>
        <td>11</td>
        <td>NA</td>
        <td></td>
      </tr>
      <tr id="LC76" class="js-file-line">
        <td id="L76" class="blob-num js-line-number" data-line-number="76"></td>
        <td>75</td>
        <td>1st</td>
        <td>0</td>
        <td>Clifford, Mr. George Quincy</td>
        <td>male</td>
        <td>NA</td>
        <td>0</td>
        <td>0</td>
        <td>110465</td>
        <td>52</td>
        <td>A14</td>
        <td>Southampton</td>
        <td></td>
        <td>NA</td>
        <td>Stoughton, MA</td>
      </tr>
      <tr id="LC77" class="js-file-line">
        <td id="L77" class="blob-num js-line-number" data-line-number="77"></td>
        <td>76</td>
        <td>1st</td>
        <td>0</td>
        <td>Colley, Mr. Edward Pomeroy</td>
        <td>male</td>
        <td>47</td>
        <td>0</td>
        <td>0</td>
        <td>5727</td>
        <td>25.5874996</td>
        <td>E58</td>
        <td>Southampton</td>
        <td></td>
        <td>NA</td>
        <td>Victoria, BC</td>
      </tr>
      <tr id="LC78" class="js-file-line">
        <td id="L78" class="blob-num js-line-number" data-line-number="78"></td>
        <td>77</td>
        <td>1st</td>
        <td>1</td>
        <td>Compton, Miss. Sara Rebecca</td>
        <td>female</td>
        <td>39</td>
        <td>1</td>
        <td>1</td>
        <td>PC 17756</td>
        <td>83.1583023</td>
        <td>E49</td>
        <td>Cherbourg</td>
        <td>14</td>
        <td>NA</td>
        <td>Lakewood, NJ</td>
      </tr>
      <tr id="LC79" class="js-file-line">
        <td id="L79" class="blob-num js-line-number" data-line-number="79"></td>
        <td>78</td>
        <td>1st</td>
        <td>0</td>
        <td>Compton, Mr. Alexander Taylor J</td>
        <td>male</td>
        <td>37</td>
        <td>1</td>
        <td>1</td>
        <td>PC 17756</td>
        <td>83.1583023</td>
        <td>E52</td>
        <td>Cherbourg</td>
        <td></td>
        <td>NA</td>
        <td>Lakewood, NJ</td>
      </tr>
      <tr id="LC80" class="js-file-line">
        <td id="L80" class="blob-num js-line-number" data-line-number="80"></td>
        <td>79</td>
        <td>1st</td>
        <td>1</td>
        <td>Compton, Mrs. Alexander Taylor</td>
        <td>female</td>
        <td>64</td>
        <td>0</td>
        <td>2</td>
        <td>PC 17756</td>
        <td>83.1583023</td>
        <td>E45</td>
        <td>Cherbourg</td>
        <td>14</td>
        <td>NA</td>
        <td>Lakewood, NJ</td>
      </tr>
      <tr id="LC81" class="js-file-line">
        <td id="L81" class="blob-num js-line-number" data-line-number="81"></td>
        <td>80</td>
        <td>1st</td>
        <td>1</td>
        <td>Cornell, Mrs. Robert Clifford (</td>
        <td>female</td>
        <td>55</td>
        <td>2</td>
        <td>0</td>
        <td>11770</td>
        <td>25.7000008</td>
        <td>C101</td>
        <td>Southampton</td>
        <td>2</td>
        <td>NA</td>
        <td>New York, NY</td>
      </tr>
      <tr id="LC82" class="js-file-line">
        <td id="L82" class="blob-num js-line-number" data-line-number="82"></td>
        <td>81</td>
        <td>1st</td>
        <td>0</td>
        <td>Crafton, Mr. John Bertram</td>
        <td>male</td>
        <td>NA</td>
        <td>0</td>
        <td>0</td>
        <td>113791</td>
        <td>26.5499992</td>
        <td></td>
        <td>Southampton</td>
        <td></td>
        <td>NA</td>
        <td>Roachdale, IN</td>
      </tr>
      <tr id="LC83" class="js-file-line">
        <td id="L83" class="blob-num js-line-number" data-line-number="83"></td>
        <td>82</td>
        <td>1st</td>
        <td>0</td>
        <td>Crosby, Capt. Edward Gifford</td>
        <td>male</td>
        <td>70</td>
        <td>1</td>
        <td>1</td>
        <td>WE/P 5735</td>
        <td>71</td>
        <td>B22</td>
        <td>Southampton</td>
        <td></td>
        <td>269</td>
        <td>Milwaukee, WI</td>
      </tr>
      <tr id="LC84" class="js-file-line">
        <td id="L84" class="blob-num js-line-number" data-line-number="84"></td>
        <td>83</td>
        <td>1st</td>
        <td>1</td>
        <td>Crosby, Miss. Harriet R</td>
        <td>female</td>
        <td>36</td>
        <td>0</td>
        <td>2</td>
        <td>WE/P 5735</td>
        <td>71</td>
        <td>B22</td>
        <td>Southampton</td>
        <td>7</td>
        <td>NA</td>
        <td>Milwaukee, WI</td>
      </tr>
      <tr id="LC85" class="js-file-line">
        <td id="L85" class="blob-num js-line-number" data-line-number="85"></td>
        <td>84</td>
        <td>1st</td>
        <td>1</td>
        <td>Crosby, Mrs. Edward Gifford (Ca</td>
        <td>female</td>
        <td>64</td>
        <td>1</td>
        <td>1</td>
        <td>112901</td>
        <td>26.5499992</td>
        <td>B26</td>
        <td>Southampton</td>
        <td>7</td>
        <td>NA</td>
        <td>Milwaukee, WI</td>
      </tr>
      <tr id="LC86" class="js-file-line">
        <td id="L86" class="blob-num js-line-number" data-line-number="86"></td>
        <td>85</td>
        <td>1st</td>
        <td>0</td>
        <td>Cumings, Mr. John Bradley</td>
        <td>male</td>
        <td>39</td>
        <td>1</td>
        <td>0</td>
        <td>PC 17599</td>
        <td>71.2833023</td>
        <td>C85</td>
        <td>Cherbourg</td>
        <td></td>
        <td>NA</td>
        <td>New York, NY</td>
      </tr>
      <tr id="LC87" class="js-file-line">
        <td id="L87" class="blob-num js-line-number" data-line-number="87"></td>
        <td>86</td>
        <td>1st</td>
        <td>1</td>
        <td>Cumings, Mrs. John Bradley (Flo</td>
        <td>female</td>
        <td>38</td>
        <td>1</td>
        <td>0</td>
        <td>PC 17599</td>
        <td>71.2833023</td>
        <td>C85</td>
        <td>Cherbourg</td>
        <td>4</td>
        <td>NA</td>
        <td>New York, NY</td>
      </tr>
      <tr id="LC88" class="js-file-line">
        <td id="L88" class="blob-num js-line-number" data-line-number="88"></td>
        <td>87</td>
        <td>1st</td>
        <td>1</td>
        <td>Daly, Mr. Peter Denis</td>
        <td>male</td>
        <td>51</td>
        <td>0</td>
        <td>0</td>
        <td>113055</td>
        <td>26.5499992</td>
        <td>E17</td>
        <td>Southampton</td>
        <td>5 9</td>
        <td>NA</td>
        <td>Lima, Peru</td>
      </tr>
      <tr id="LC89" class="js-file-line">
        <td id="L89" class="blob-num js-line-number" data-line-number="89"></td>
        <td>88</td>
        <td>1st</td>
        <td>1</td>
        <td>Daniel, Mr. Robert Williams</td>
        <td>male</td>
        <td>27</td>
        <td>0</td>
        <td>0</td>
        <td>113804</td>
        <td>30.5</td>
        <td></td>
        <td>Southampton</td>
        <td>3</td>
        <td>NA</td>
        <td>Philadelphia, PA</td>
      </tr>
      <tr id="LC90" class="js-file-line">
        <td id="L90" class="blob-num js-line-number" data-line-number="90"></td>
        <td>89</td>
        <td>1st</td>
        <td>1</td>
        <td>Daniels, Miss. Sarah</td>
        <td>female</td>
        <td>33</td>
        <td>0</td>
        <td>0</td>
        <td>113781</td>
        <td>151.550003</td>
        <td></td>
        <td>Southampton</td>
        <td>8</td>
        <td>NA</td>
        <td></td>
      </tr>
      <tr id="LC91" class="js-file-line">
        <td id="L91" class="blob-num js-line-number" data-line-number="91"></td>
        <td>90</td>
        <td>1st</td>
        <td>0</td>
        <td>Davidson, Mr. Thornton</td>
        <td>male</td>
        <td>31</td>
        <td>1</td>
        <td>0</td>
        <td>F.C. 12750</td>
        <td>52</td>
        <td>B71</td>
        <td>Southampton</td>
        <td></td>
        <td>NA</td>
        <td>Montreal, PQ</td>
      </tr>
      <tr id="LC92" class="js-file-line">
        <td id="L92" class="blob-num js-line-number" data-line-number="92"></td>
        <td>91</td>
        <td>1st</td>
        <td>1</td>
        <td>Davidson, Mrs. Thornton (Orian</td>
        <td>female</td>
        <td>27</td>
        <td>1</td>
        <td>2</td>
        <td>F.C. 12750</td>
        <td>52</td>
        <td>B71</td>
        <td>Southampton</td>
        <td>3</td>
        <td>NA</td>
        <td>Montreal, PQ</td>
      </tr>
      <tr id="LC93" class="js-file-line">
        <td id="L93" class="blob-num js-line-number" data-line-number="93"></td>
        <td>92</td>
        <td>1st</td>
        <td>1</td>
        <td>Dick, Mr. Albert Adrian</td>
        <td>male</td>
        <td>31</td>
        <td>1</td>
        <td>0</td>
        <td>17474</td>
        <td>57</td>
        <td>B20</td>
        <td>Southampton</td>
        <td>3</td>
        <td>NA</td>
        <td>Calgary, AB</td>
      </tr>
      <tr id="LC94" class="js-file-line">
        <td id="L94" class="blob-num js-line-number" data-line-number="94"></td>
        <td>93</td>
        <td>1st</td>
        <td>1</td>
        <td>Dick, Mrs. Albert Adrian (Vera</td>
        <td>female</td>
        <td>17</td>
        <td>1</td>
        <td>0</td>
        <td>17474</td>
        <td>57</td>
        <td>B20</td>
        <td>Southampton</td>
        <td>3</td>
        <td>NA</td>
        <td>Calgary, AB</td>
      </tr>
      <tr id="LC95" class="js-file-line">
        <td id="L95" class="blob-num js-line-number" data-line-number="95"></td>
        <td>94</td>
        <td>1st</td>
        <td>1</td>
        <td>Dodge, Dr. Washington</td>
        <td>male</td>
        <td>53</td>
        <td>1</td>
        <td>1</td>
        <td>33638</td>
        <td>81.8582993</td>
        <td>A34</td>
        <td>Southampton</td>
        <td>13</td>
        <td>NA</td>
        <td>San Francisco, CA</td>
      </tr>
      <tr id="LC96" class="js-file-line">
        <td id="L96" class="blob-num js-line-number" data-line-number="96"></td>
        <td>95</td>
        <td>1st</td>
        <td>1</td>
        <td>Dodge, Master. Washington</td>
        <td>male</td>
        <td>4</td>
        <td>0</td>
        <td>2</td>
        <td>33638</td>
        <td>81.8582993</td>
        <td>A34</td>
        <td>Southampton</td>
        <td>5</td>
        <td>NA</td>
        <td>San Francisco, CA</td>
      </tr>
      <tr id="LC97" class="js-file-line">
        <td id="L97" class="blob-num js-line-number" data-line-number="97"></td>
        <td>96</td>
        <td>1st</td>
        <td>1</td>
        <td>Dodge, Mrs. Washington (Ruth Vi</td>
        <td>female</td>
        <td>54</td>
        <td>1</td>
        <td>1</td>
        <td>33638</td>
        <td>81.8582993</td>
        <td>A34</td>
        <td>Southampton</td>
        <td>5</td>
        <td>NA</td>
        <td>San Francisco, CA</td>
      </tr>
      <tr id="LC98" class="js-file-line">
        <td id="L98" class="blob-num js-line-number" data-line-number="98"></td>
        <td>97</td>
        <td>1st</td>
        <td>0</td>
        <td>Douglas, Mr. Walter Donald</td>
        <td>male</td>
        <td>50</td>
        <td>1</td>
        <td>0</td>
        <td>PC 17761</td>
        <td>106.425003</td>
        <td>C86</td>
        <td>Cherbourg</td>
        <td></td>
        <td>62</td>
        <td>Deephaven, MN / Cedar Rapids, I</td>
      </tr>
      <tr id="LC99" class="js-file-line">
        <td id="L99" class="blob-num js-line-number" data-line-number="99"></td>
        <td>98</td>
        <td>1st</td>
        <td>1</td>
        <td>Douglas, Mrs. Frederick Charles</td>
        <td>female</td>
        <td>27</td>
        <td>1</td>
        <td>1</td>
        <td>PC 17558</td>
        <td>247.520798</td>
        <td>B58 B60</td>
        <td>Cherbourg</td>
        <td>6</td>
        <td>NA</td>
        <td>Montreal, PQ</td>
      </tr>
      <tr id="LC100" class="js-file-line">
        <td id="L100" class="blob-num js-line-number" data-line-number="100"></td>
        <td>99</td>
        <td>1st</td>
        <td>1</td>
        <td>Douglas, Mrs. Walter Donald (Ma</td>
        <td>female</td>
        <td>48</td>
        <td>1</td>
        <td>0</td>
        <td>PC 17761</td>
        <td>106.425003</td>
        <td>C86</td>
        <td>Cherbourg</td>
        <td>2</td>
        <td>NA</td>
        <td>Deephaven, MN / Cedar Rapids, I</td>
      </tr>
      <tr id="LC101" class="js-file-line">
        <td id="L101" class="blob-num js-line-number" data-line-number="101"></td>
        <td>100</td>
        <td>1st</td>
        <td>1</td>
        <td>Duff Gordon, Lady. (Lucille Chr</td>
        <td>female</td>
        <td>48</td>
        <td>1</td>
        <td>0</td>
        <td>11755</td>
        <td>39.5999985</td>
        <td>A16</td>
        <td>Cherbourg</td>
        <td>1</td>
        <td>NA</td>
        <td>London / Paris</td>
      </tr>
      <tr id="LC102" class="js-file-line">
        <td id="L102" class="blob-num js-line-number" data-line-number="102"></td>
        <td>101</td>
        <td>1st</td>
        <td>1</td>
        <td>Duff Gordon, Sir. Cosmo Edmund</td>
        <td>male</td>
        <td>49</td>
        <td>1</td>
        <td>0</td>
        <td>PC 17485</td>
        <td>56.9291992</td>
        <td>A20</td>
        <td>Cherbourg</td>
        <td>1</td>
        <td>NA</td>
        <td>London / Paris</td>
      </tr>
      <tr id="LC103" class="js-file-line">
        <td id="L103" class="blob-num js-line-number" data-line-number="103"></td>
        <td>102</td>
        <td>1st</td>
        <td>0</td>
        <td>Dulles, Mr. William Crothers</td>
        <td>male</td>
        <td>39</td>
        <td>0</td>
        <td>0</td>
        <td>PC 17580</td>
        <td>29.7000008</td>
        <td>A18</td>
        <td>Cherbourg</td>
        <td></td>
        <td>133</td>
        <td>Philadelphia, PA</td>
      </tr>
      <tr id="LC104" class="js-file-line">
        <td id="L104" class="blob-num js-line-number" data-line-number="104"></td>
        <td>103</td>
        <td>1st</td>
        <td>1</td>
        <td>Earnshaw, Mrs. Boulton (Olive P</td>
        <td>female</td>
        <td>23</td>
        <td>0</td>
        <td>1</td>
        <td>11767</td>
        <td>83.1583023</td>
        <td>C54</td>
        <td>Cherbourg</td>
        <td>7</td>
        <td>NA</td>
        <td>Mt Airy, Philadelphia, PA</td>
      </tr>
      <tr id="LC105" class="js-file-line">
        <td id="L105" class="blob-num js-line-number" data-line-number="105"></td>
        <td>104</td>
        <td>1st</td>
        <td>1</td>
        <td>Endres, Miss. Caroline Louise</td>
        <td>female</td>
        <td>38</td>
        <td>0</td>
        <td>0</td>
        <td>PC 17757</td>
        <td>227.524994</td>
        <td>C45</td>
        <td>Cherbourg</td>
        <td>4</td>
        <td>NA</td>
        <td>New York, NY</td>
      </tr>
      <tr id="LC106" class="js-file-line">
        <td id="L106" class="blob-num js-line-number" data-line-number="106"></td>
        <td>105</td>
        <td>1st</td>
        <td>1</td>
        <td>Eustis, Miss. Elizabeth Mussey</td>
        <td>female</td>
        <td>54</td>
        <td>1</td>
        <td>0</td>
        <td>36947</td>
        <td>78.2667007</td>
        <td>D20</td>
        <td>Cherbourg</td>
        <td>4</td>
        <td>NA</td>
        <td>Brookline, MA</td>
      </tr>
      <tr id="LC107" class="js-file-line">
        <td id="L107" class="blob-num js-line-number" data-line-number="107"></td>
        <td>106</td>
        <td>1st</td>
        <td>0</td>
        <td>Evans, Miss. Edith Corse</td>
        <td>female</td>
        <td>36</td>
        <td>0</td>
        <td>0</td>
        <td>PC 17531</td>
        <td>31.6791992</td>
        <td>A29</td>
        <td>Cherbourg</td>
        <td></td>
        <td>NA</td>
        <td>New York, NY</td>
      </tr>
      <tr id="LC108" class="js-file-line">
        <td id="L108" class="blob-num js-line-number" data-line-number="108"></td>
        <td>107</td>
        <td>1st</td>
        <td>0</td>
        <td>Farthing, Mr. John</td>
        <td>male</td>
        <td>NA</td>
        <td>0</td>
        <td>0</td>
        <td>PC 17483</td>
        <td>221.779205</td>
        <td>C95</td>
        <td>Southampton</td>
        <td></td>
        <td>NA</td>
        <td></td>
      </tr>
      <tr id="LC109" class="js-file-line">
        <td id="L109" class="blob-num js-line-number" data-line-number="109"></td>
        <td>108</td>
        <td>1st</td>
        <td>1</td>
        <td>Flegenheim, Mrs. Alfred (Antoin</td>
        <td>female</td>
        <td>NA</td>
        <td>0</td>
        <td>0</td>
        <td>PC 17598</td>
        <td>31.6833</td>
        <td></td>
        <td>Southampton</td>
        <td>7</td>
        <td>NA</td>
        <td>New York, NY</td>
      </tr>
      <tr id="LC110" class="js-file-line">
        <td id="L110" class="blob-num js-line-number" data-line-number="110"></td>
        <td>109</td>
        <td>1st</td>
        <td>1</td>
        <td>Fleming, Miss. Margaret</td>
        <td>female</td>
        <td>NA</td>
        <td>0</td>
        <td>0</td>
        <td>17421</td>
        <td>110.883301</td>
        <td></td>
        <td>Cherbourg</td>
        <td>4</td>
        <td>NA</td>
        <td></td>
      </tr>
      <tr id="LC111" class="js-file-line">
        <td id="L111" class="blob-num js-line-number" data-line-number="111"></td>
        <td>110</td>
        <td>1st</td>
        <td>1</td>
        <td>Flynn, Mr. John Irwin (\&quot;Irving\&quot;</td>
        <td>male</td>
        <td>36</td>
        <td>0</td>
        <td>0</td>
        <td>PC 17474</td>
        <td>26.3875008</td>
        <td>E25</td>
        <td>Southampton</td>
        <td>5</td>
        <td>NA</td>
        <td>Brooklyn, NY</td>
      </tr>
      <tr id="LC112" class="js-file-line">
        <td id="L112" class="blob-num js-line-number" data-line-number="112"></td>
        <td>111</td>
        <td>1st</td>
        <td>0</td>
        <td>Foreman, Mr. Benjamin Laventall</td>
        <td>male</td>
        <td>30</td>
        <td>0</td>
        <td>0</td>
        <td>113051</td>
        <td>27.75</td>
        <td>C111</td>
        <td>Cherbourg</td>
        <td></td>
        <td>NA</td>
        <td>New York, NY</td>
      </tr>
      <tr id="LC113" class="js-file-line">
        <td id="L113" class="blob-num js-line-number" data-line-number="113"></td>
        <td>112</td>
        <td>1st</td>
        <td>1</td>
        <td>Fortune, Miss. Alice Elizabeth</td>
        <td>female</td>
        <td>24</td>
        <td>3</td>
        <td>2</td>
        <td>19950</td>
        <td>263</td>
        <td>C23 C25 C27</td>
        <td>Southampton</td>
        <td>10</td>
        <td>NA</td>
        <td>Winnipeg, MB</td>
      </tr>
      <tr id="LC114" class="js-file-line">
        <td id="L114" class="blob-num js-line-number" data-line-number="114"></td>
        <td>113</td>
        <td>1st</td>
        <td>1</td>
        <td>Fortune, Miss. Ethel Flora</td>
        <td>female</td>
        <td>28</td>
        <td>3</td>
        <td>2</td>
        <td>19950</td>
        <td>263</td>
        <td>C23 C25 C27</td>
        <td>Southampton</td>
        <td>10</td>
        <td>NA</td>
        <td>Winnipeg, MB</td>
      </tr>
      <tr id="LC115" class="js-file-line">
        <td id="L115" class="blob-num js-line-number" data-line-number="115"></td>
        <td>114</td>
        <td>1st</td>
        <td>1</td>
        <td>Fortune, Miss. Mabel Helen</td>
        <td>female</td>
        <td>23</td>
        <td>3</td>
        <td>2</td>
        <td>19950</td>
        <td>263</td>
        <td>C23 C25 C27</td>
        <td>Southampton</td>
        <td>10</td>
        <td>NA</td>
        <td>Winnipeg, MB</td>
      </tr>
      <tr id="LC116" class="js-file-line">
        <td id="L116" class="blob-num js-line-number" data-line-number="116"></td>
        <td>115</td>
        <td>1st</td>
        <td>0</td>
        <td>Fortune, Mr. Charles Alexander</td>
        <td>male</td>
        <td>19</td>
        <td>3</td>
        <td>2</td>
        <td>19950</td>
        <td>263</td>
        <td>C23 C25 C27</td>
        <td>Southampton</td>
        <td></td>
        <td>NA</td>
        <td>Winnipeg, MB</td>
      </tr>
      <tr id="LC117" class="js-file-line">
        <td id="L117" class="blob-num js-line-number" data-line-number="117"></td>
        <td>116</td>
        <td>1st</td>
        <td>0</td>
        <td>Fortune, Mr. Mark</td>
        <td>male</td>
        <td>64</td>
        <td>1</td>
        <td>4</td>
        <td>19950</td>
        <td>263</td>
        <td>C23 C25 C27</td>
        <td>Southampton</td>
        <td></td>
        <td>NA</td>
        <td>Winnipeg, MB</td>
      </tr>
      <tr id="LC118" class="js-file-line">
        <td id="L118" class="blob-num js-line-number" data-line-number="118"></td>
        <td>117</td>
        <td>1st</td>
        <td>1</td>
        <td>Fortune, Mrs. Mark (Mary McDoug</td>
        <td>female</td>
        <td>60</td>
        <td>1</td>
        <td>4</td>
        <td>19950</td>
        <td>263</td>
        <td>C23 C25 C27</td>
        <td>Southampton</td>
        <td>10</td>
        <td>NA</td>
        <td>Winnipeg, MB</td>
      </tr>
      <tr id="LC119" class="js-file-line">
        <td id="L119" class="blob-num js-line-number" data-line-number="119"></td>
        <td>118</td>
        <td>1st</td>
        <td>1</td>
        <td>Francatelli, Miss. Laura Mabel</td>
        <td>female</td>
        <td>30</td>
        <td>0</td>
        <td>0</td>
        <td>PC 17485</td>
        <td>56.9291992</td>
        <td>E36</td>
        <td>Cherbourg</td>
        <td>1</td>
        <td>NA</td>
        <td></td>
      </tr>
      <tr id="LC120" class="js-file-line">
        <td id="L120" class="blob-num js-line-number" data-line-number="120"></td>
        <td>119</td>
        <td>1st</td>
        <td>0</td>
        <td>Franklin, Mr. Thomas Parham</td>
        <td>male</td>
        <td>NA</td>
        <td>0</td>
        <td>0</td>
        <td>113778</td>
        <td>26.5499992</td>
        <td>D34</td>
        <td>Southampton</td>
        <td></td>
        <td>NA</td>
        <td>Westcliff-on-Sea, Essex</td>
      </tr>
      <tr id="LC121" class="js-file-line">
        <td id="L121" class="blob-num js-line-number" data-line-number="121"></td>
        <td>120</td>
        <td>1st</td>
        <td>1</td>
        <td>Frauenthal, Dr. Henry William</td>
        <td>male</td>
        <td>50</td>
        <td>2</td>
        <td>0</td>
        <td>PC 17611</td>
        <td>133.649994</td>
        <td></td>
        <td>Southampton</td>
        <td>5</td>
        <td>NA</td>
        <td>New York, NY</td>
      </tr>
      <tr id="LC122" class="js-file-line">
        <td id="L122" class="blob-num js-line-number" data-line-number="122"></td>
        <td>121</td>
        <td>1st</td>
        <td>1</td>
        <td>Frauenthal, Mr. Isaac Gerald</td>
        <td>male</td>
        <td>43</td>
        <td>1</td>
        <td>0</td>
        <td>17765</td>
        <td>27.7208004</td>
        <td>D40</td>
        <td>Cherbourg</td>
        <td>5</td>
        <td>NA</td>
        <td>New York, NY</td>
      </tr>
      <tr id="LC123" class="js-file-line">
        <td id="L123" class="blob-num js-line-number" data-line-number="123"></td>
        <td>122</td>
        <td>1st</td>
        <td>1</td>
        <td>Frauenthal, Mrs. Henry William</td>
        <td>female</td>
        <td>NA</td>
        <td>1</td>
        <td>0</td>
        <td>PC 17611</td>
        <td>133.649994</td>
        <td></td>
        <td>Southampton</td>
        <td>5</td>
        <td>NA</td>
        <td>New York, NY</td>
      </tr>
      <tr id="LC124" class="js-file-line">
        <td id="L124" class="blob-num js-line-number" data-line-number="124"></td>
        <td>123</td>
        <td>1st</td>
        <td>1</td>
        <td>Frolicher, Miss. Hedwig Margari</td>
        <td>female</td>
        <td>22</td>
        <td>0</td>
        <td>2</td>
        <td>13568</td>
        <td>49.5</td>
        <td>B39</td>
        <td>Cherbourg</td>
        <td>5</td>
        <td>NA</td>
        <td>Zurich, Switzerland</td>
      </tr>
      <tr id="LC125" class="js-file-line">
        <td id="L125" class="blob-num js-line-number" data-line-number="125"></td>
        <td>124</td>
        <td>1st</td>
        <td>1</td>
        <td>Frolicher-Stehli, Mr. Maxmillia</td>
        <td>male</td>
        <td>60</td>
        <td>1</td>
        <td>1</td>
        <td>13567</td>
        <td>79.1999969</td>
        <td>B41</td>
        <td>Cherbourg</td>
        <td>5</td>
        <td>NA</td>
        <td>Zurich, Switzerland</td>
      </tr>
      <tr id="LC126" class="js-file-line">
        <td id="L126" class="blob-num js-line-number" data-line-number="126"></td>
        <td>125</td>
        <td>1st</td>
        <td>1</td>
        <td>Frolicher-Stehli, Mrs. Maxmilli</td>
        <td>female</td>
        <td>48</td>
        <td>1</td>
        <td>1</td>
        <td>13567</td>
        <td>79.1999969</td>
        <td>B41</td>
        <td>Cherbourg</td>
        <td>5</td>
        <td>NA</td>
        <td>Zurich, Switzerland</td>
      </tr>
      <tr id="LC127" class="js-file-line">
        <td id="L127" class="blob-num js-line-number" data-line-number="127"></td>
        <td>126</td>
        <td>1st</td>
        <td>0</td>
        <td>Fry, Mr. Richard</td>
        <td>male</td>
        <td>NA</td>
        <td>0</td>
        <td>0</td>
        <td>112058</td>
        <td>0</td>
        <td>B102</td>
        <td>Southampton</td>
        <td></td>
        <td>NA</td>
        <td></td>
      </tr>
      <tr id="LC128" class="js-file-line">
        <td id="L128" class="blob-num js-line-number" data-line-number="128"></td>
        <td>127</td>
        <td>1st</td>
        <td>0</td>
        <td>Futrelle, Mr. Jacques Heath</td>
        <td>male</td>
        <td>37</td>
        <td>1</td>
        <td>0</td>
        <td>113803</td>
        <td>53.0999985</td>
        <td>C123</td>
        <td>Southampton</td>
        <td></td>
        <td>NA</td>
        <td>Scituate, MA</td>
      </tr>
      <tr id="LC129" class="js-file-line">
        <td id="L129" class="blob-num js-line-number" data-line-number="129"></td>
        <td>128</td>
        <td>1st</td>
        <td>1</td>
        <td>Futrelle, Mrs. Jacques Heath (L</td>
        <td>female</td>
        <td>35</td>
        <td>1</td>
        <td>0</td>
        <td>113803</td>
        <td>53.0999985</td>
        <td>C123</td>
        <td>Southampton</td>
        <td>D</td>
        <td>NA</td>
        <td>Scituate, MA</td>
      </tr>
      <tr id="LC130" class="js-file-line">
        <td id="L130" class="blob-num js-line-number" data-line-number="130"></td>
        <td>129</td>
        <td>1st</td>
        <td>0</td>
        <td>Gee, Mr. Arthur H</td>
        <td>male</td>
        <td>47</td>
        <td>0</td>
        <td>0</td>
        <td>111320</td>
        <td>38.5</td>
        <td>E63</td>
        <td>Southampton</td>
        <td></td>
        <td>275</td>
        <td>St Anne&#39;s-on-Sea, Lancashire</td>
      </tr>
      <tr id="LC131" class="js-file-line">
        <td id="L131" class="blob-num js-line-number" data-line-number="131"></td>
        <td>130</td>
        <td>1st</td>
        <td>1</td>
        <td>Geiger, Miss. Amalie</td>
        <td>female</td>
        <td>35</td>
        <td>0</td>
        <td>0</td>
        <td>113503</td>
        <td>211.5</td>
        <td>C130</td>
        <td>Cherbourg</td>
        <td>4</td>
        <td>NA</td>
        <td></td>
      </tr>
      <tr id="LC132" class="js-file-line">
        <td id="L132" class="blob-num js-line-number" data-line-number="132"></td>
        <td>131</td>
        <td>1st</td>
        <td>1</td>
        <td>Gibson, Miss. Dorothy Winifred</td>
        <td>female</td>
        <td>22</td>
        <td>0</td>
        <td>1</td>
        <td>112378</td>
        <td>59.4000015</td>
        <td></td>
        <td>Cherbourg</td>
        <td>7</td>
        <td>NA</td>
        <td>New York, NY</td>
      </tr>
      <tr id="LC133" class="js-file-line">
        <td id="L133" class="blob-num js-line-number" data-line-number="133"></td>
        <td>132</td>
        <td>1st</td>
        <td>1</td>
        <td>Gibson, Mrs. Leonard (Pauline C</td>
        <td>female</td>
        <td>45</td>
        <td>0</td>
        <td>1</td>
        <td>112378</td>
        <td>59.4000015</td>
        <td></td>
        <td>Cherbourg</td>
        <td>7</td>
        <td>NA</td>
        <td>New York, NY</td>
      </tr>
      <tr id="LC134" class="js-file-line">
        <td id="L134" class="blob-num js-line-number" data-line-number="134"></td>
        <td>133</td>
        <td>1st</td>
        <td>0</td>
        <td>Giglio, Mr. Victor</td>
        <td>male</td>
        <td>24</td>
        <td>0</td>
        <td>0</td>
        <td>PC 17593</td>
        <td>79.1999969</td>
        <td>B86</td>
        <td>Cherbourg</td>
        <td></td>
        <td>NA</td>
        <td></td>
      </tr>
      <tr id="LC135" class="js-file-line">
        <td id="L135" class="blob-num js-line-number" data-line-number="135"></td>
        <td>134</td>
        <td>1st</td>
        <td>1</td>
        <td>Goldenberg, Mr. Samuel L</td>
        <td>male</td>
        <td>49</td>
        <td>1</td>
        <td>0</td>
        <td>17453</td>
        <td>89.1042023</td>
        <td>C92</td>
        <td>Cherbourg</td>
        <td>5</td>
        <td>NA</td>
        <td>Paris, France / New York, NY</td>
      </tr>
      <tr id="LC136" class="js-file-line">
        <td id="L136" class="blob-num js-line-number" data-line-number="136"></td>
        <td>135</td>
        <td>1st</td>
        <td>1</td>
        <td>Goldenberg, Mrs. Samuel L (Edwi</td>
        <td>female</td>
        <td>NA</td>
        <td>1</td>
        <td>0</td>
        <td>17453</td>
        <td>89.1042023</td>
        <td>C92</td>
        <td>Cherbourg</td>
        <td>5</td>
        <td>NA</td>
        <td>Paris, France / New York, NY</td>
      </tr>
      <tr id="LC137" class="js-file-line">
        <td id="L137" class="blob-num js-line-number" data-line-number="137"></td>
        <td>136</td>
        <td>1st</td>
        <td>0</td>
        <td>Goldschmidt, Mr. George B</td>
        <td>male</td>
        <td>71</td>
        <td>0</td>
        <td>0</td>
        <td>PC 17754</td>
        <td>34.6542015</td>
        <td>A5</td>
        <td>Cherbourg</td>
        <td></td>
        <td>NA</td>
        <td>New York, NY</td>
      </tr>
      <tr id="LC138" class="js-file-line">
        <td id="L138" class="blob-num js-line-number" data-line-number="138"></td>
        <td>137</td>
        <td>1st</td>
        <td>1</td>
        <td>Gracie, Col. Archibald IV</td>
        <td>male</td>
        <td>53</td>
        <td>0</td>
        <td>0</td>
        <td>113780</td>
        <td>28.5</td>
        <td>C51</td>
        <td>Cherbourg</td>
        <td>B</td>
        <td>NA</td>
        <td>Washington, DC</td>
      </tr>
      <tr id="LC139" class="js-file-line">
        <td id="L139" class="blob-num js-line-number" data-line-number="139"></td>
        <td>138</td>
        <td>1st</td>
        <td>1</td>
        <td>Graham, Miss. Margaret Edith</td>
        <td>female</td>
        <td>19</td>
        <td>0</td>
        <td>0</td>
        <td>112053</td>
        <td>30</td>
        <td>B42</td>
        <td>Southampton</td>
        <td>3</td>
        <td>NA</td>
        <td>Greenwich, CT</td>
      </tr>
      <tr id="LC140" class="js-file-line">
        <td id="L140" class="blob-num js-line-number" data-line-number="140"></td>
        <td>139</td>
        <td>1st</td>
        <td>0</td>
        <td>Graham, Mr. George Edward</td>
        <td>male</td>
        <td>38</td>
        <td>0</td>
        <td>1</td>
        <td>PC 17582</td>
        <td>153.462494</td>
        <td>C91</td>
        <td>Southampton</td>
        <td></td>
        <td>147</td>
        <td>Winnipeg, MB</td>
      </tr>
      <tr id="LC141" class="js-file-line">
        <td id="L141" class="blob-num js-line-number" data-line-number="141"></td>
        <td>140</td>
        <td>1st</td>
        <td>1</td>
        <td>Graham, Mrs. William Thompson (</td>
        <td>female</td>
        <td>58</td>
        <td>0</td>
        <td>1</td>
        <td>PC 17582</td>
        <td>153.462494</td>
        <td>C125</td>
        <td>Southampton</td>
        <td>3</td>
        <td>NA</td>
        <td>Greenwich, CT</td>
      </tr>
      <tr id="LC142" class="js-file-line">
        <td id="L142" class="blob-num js-line-number" data-line-number="142"></td>
        <td>141</td>
        <td>1st</td>
        <td>1</td>
        <td>Greenfield, Mr. William Bertram</td>
        <td>male</td>
        <td>23</td>
        <td>0</td>
        <td>1</td>
        <td>PC 17759</td>
        <td>63.3582993</td>
        <td>D10 D12</td>
        <td>Cherbourg</td>
        <td>7</td>
        <td>NA</td>
        <td>New York, NY</td>
      </tr>
      <tr id="LC143" class="js-file-line">
        <td id="L143" class="blob-num js-line-number" data-line-number="143"></td>
        <td>142</td>
        <td>1st</td>
        <td>1</td>
        <td>Greenfield, Mrs. Leo David (Bla</td>
        <td>female</td>
        <td>45</td>
        <td>0</td>
        <td>1</td>
        <td>PC 17759</td>
        <td>63.3582993</td>
        <td>D10 D12</td>
        <td>Cherbourg</td>
        <td>7</td>
        <td>NA</td>
        <td>New York, NY</td>
      </tr>
      <tr id="LC144" class="js-file-line">
        <td id="L144" class="blob-num js-line-number" data-line-number="144"></td>
        <td>143</td>
        <td>1st</td>
        <td>0</td>
        <td>Guggenheim, Mr. Benjamin</td>
        <td>male</td>
        <td>46</td>
        <td>0</td>
        <td>0</td>
        <td>PC 17593</td>
        <td>79.1999969</td>
        <td>B82 B84</td>
        <td>Cherbourg</td>
        <td></td>
        <td>NA</td>
        <td>New York, NY</td>
      </tr>
      <tr id="LC145" class="js-file-line">
        <td id="L145" class="blob-num js-line-number" data-line-number="145"></td>
        <td>144</td>
        <td>1st</td>
        <td>1</td>
        <td>Harder, Mr. George Achilles</td>
        <td>male</td>
        <td>25</td>
        <td>1</td>
        <td>0</td>
        <td>11765</td>
        <td>55.4417</td>
        <td>E50</td>
        <td>Cherbourg</td>
        <td>5</td>
        <td>NA</td>
        <td>Brooklyn, NY</td>
      </tr>
      <tr id="LC146" class="js-file-line">
        <td id="L146" class="blob-num js-line-number" data-line-number="146"></td>
        <td>145</td>
        <td>1st</td>
        <td>1</td>
        <td>Harder, Mrs. George Achilles (D</td>
        <td>female</td>
        <td>25</td>
        <td>1</td>
        <td>0</td>
        <td>11765</td>
        <td>55.4417</td>
        <td>E50</td>
        <td>Cherbourg</td>
        <td>5</td>
        <td>NA</td>
        <td>Brooklyn, NY</td>
      </tr>
      <tr id="LC147" class="js-file-line">
        <td id="L147" class="blob-num js-line-number" data-line-number="147"></td>
        <td>146</td>
        <td>1st</td>
        <td>1</td>
        <td>Harper, Mr. Henry Sleeper</td>
        <td>male</td>
        <td>48</td>
        <td>1</td>
        <td>0</td>
        <td>PC 17572</td>
        <td>76.7292023</td>
        <td>D33</td>
        <td>Cherbourg</td>
        <td>3</td>
        <td>NA</td>
        <td>New York, NY</td>
      </tr>
      <tr id="LC148" class="js-file-line">
        <td id="L148" class="blob-num js-line-number" data-line-number="148"></td>
        <td>147</td>
        <td>1st</td>
        <td>1</td>
        <td>Harper, Mrs. Henry Sleeper (Myn</td>
        <td>female</td>
        <td>49</td>
        <td>1</td>
        <td>0</td>
        <td>PC 17572</td>
        <td>76.7292023</td>
        <td>D33</td>
        <td>Cherbourg</td>
        <td>3</td>
        <td>NA</td>
        <td>New York, NY</td>
      </tr>
      <tr id="LC149" class="js-file-line">
        <td id="L149" class="blob-num js-line-number" data-line-number="149"></td>
        <td>148</td>
        <td>1st</td>
        <td>0</td>
        <td>Harrington, Mr. Charles H</td>
        <td>male</td>
        <td>NA</td>
        <td>0</td>
        <td>0</td>
        <td>113796</td>
        <td>42.4000015</td>
        <td></td>
        <td>Southampton</td>
        <td></td>
        <td>NA</td>
        <td></td>
      </tr>
      <tr id="LC150" class="js-file-line">
        <td id="L150" class="blob-num js-line-number" data-line-number="150"></td>
        <td>149</td>
        <td>1st</td>
        <td>0</td>
        <td>Harris, Mr. Henry Birkhardt</td>
        <td>male</td>
        <td>45</td>
        <td>1</td>
        <td>0</td>
        <td>36973</td>
        <td>83.4749985</td>
        <td>C83</td>
        <td>Southampton</td>
        <td></td>
        <td>NA</td>
        <td>New York, NY</td>
      </tr>
      <tr id="LC151" class="js-file-line">
        <td id="L151" class="blob-num js-line-number" data-line-number="151"></td>
        <td>150</td>
        <td>1st</td>
        <td>1</td>
        <td>Harris, Mrs. Henry Birkhardt (I</td>
        <td>female</td>
        <td>35</td>
        <td>1</td>
        <td>0</td>
        <td>36973</td>
        <td>83.4749985</td>
        <td>C83</td>
        <td>Southampton</td>
        <td>D</td>
        <td>NA</td>
        <td>New York, NY</td>
      </tr>
      <tr id="LC152" class="js-file-line">
        <td id="L152" class="blob-num js-line-number" data-line-number="152"></td>
        <td>151</td>
        <td>1st</td>
        <td>0</td>
        <td>Harrison, Mr. William</td>
        <td>male</td>
        <td>40</td>
        <td>0</td>
        <td>0</td>
        <td>112059</td>
        <td>0</td>
        <td>B94</td>
        <td>Southampton</td>
        <td></td>
        <td>110</td>
        <td></td>
      </tr>
      <tr id="LC153" class="js-file-line">
        <td id="L153" class="blob-num js-line-number" data-line-number="153"></td>
        <td>152</td>
        <td>1st</td>
        <td>1</td>
        <td>Hassab, Mr. Hammad</td>
        <td>male</td>
        <td>27</td>
        <td>0</td>
        <td>0</td>
        <td>PC 17572</td>
        <td>76.7292023</td>
        <td>D49</td>
        <td>Cherbourg</td>
        <td>3</td>
        <td>NA</td>
        <td></td>
      </tr>
      <tr id="LC154" class="js-file-line">
        <td id="L154" class="blob-num js-line-number" data-line-number="154"></td>
        <td>153</td>
        <td>1st</td>
        <td>1</td>
        <td>Hawksford, Mr. Walter James</td>
        <td>male</td>
        <td>NA</td>
        <td>0</td>
        <td>0</td>
        <td>16988</td>
        <td>30</td>
        <td>D45</td>
        <td>Southampton</td>
        <td>3</td>
        <td>NA</td>
        <td>Kingston, Surrey</td>
      </tr>
      <tr id="LC155" class="js-file-line">
        <td id="L155" class="blob-num js-line-number" data-line-number="155"></td>
        <td>154</td>
        <td>1st</td>
        <td>1</td>
        <td>Hays, Miss. Margaret Bechstein</td>
        <td>female</td>
        <td>24</td>
        <td>0</td>
        <td>0</td>
        <td>11767</td>
        <td>83.1583023</td>
        <td>C54</td>
        <td>Cherbourg</td>
        <td>7</td>
        <td>NA</td>
        <td>New York, NY</td>
      </tr>
      <tr id="LC156" class="js-file-line">
        <td id="L156" class="blob-num js-line-number" data-line-number="156"></td>
        <td>155</td>
        <td>1st</td>
        <td>0</td>
        <td>Hays, Mr. Charles Melville</td>
        <td>male</td>
        <td>55</td>
        <td>1</td>
        <td>1</td>
        <td>12749</td>
        <td>93.5</td>
        <td>B69</td>
        <td>Southampton</td>
        <td></td>
        <td>307</td>
        <td>Montreal, PQ</td>
      </tr>
      <tr id="LC157" class="js-file-line">
        <td id="L157" class="blob-num js-line-number" data-line-number="157"></td>
        <td>156</td>
        <td>1st</td>
        <td>1</td>
        <td>Hays, Mrs. Charles Melville (Cl</td>
        <td>female</td>
        <td>52</td>
        <td>1</td>
        <td>1</td>
        <td>12749</td>
        <td>93.5</td>
        <td>B69</td>
        <td>Southampton</td>
        <td>3</td>
        <td>NA</td>
        <td>Montreal, PQ</td>
      </tr>
      <tr id="LC158" class="js-file-line">
        <td id="L158" class="blob-num js-line-number" data-line-number="158"></td>
        <td>157</td>
        <td>1st</td>
        <td>0</td>
        <td>Head, Mr. Christopher</td>
        <td>male</td>
        <td>42</td>
        <td>0</td>
        <td>0</td>
        <td>113038</td>
        <td>42.5</td>
        <td>B11</td>
        <td>Southampton</td>
        <td></td>
        <td>NA</td>
        <td>London / Middlesex</td>
      </tr>
      <tr id="LC159" class="js-file-line">
        <td id="L159" class="blob-num js-line-number" data-line-number="159"></td>
        <td>158</td>
        <td>1st</td>
        <td>0</td>
        <td>Hilliard, Mr. Herbert Henry</td>
        <td>male</td>
        <td>NA</td>
        <td>0</td>
        <td>0</td>
        <td>17463</td>
        <td>51.8624992</td>
        <td>E46</td>
        <td>Southampton</td>
        <td></td>
        <td>NA</td>
        <td>Brighton, MA</td>
      </tr>
      <tr id="LC160" class="js-file-line">
        <td id="L160" class="blob-num js-line-number" data-line-number="160"></td>
        <td>159</td>
        <td>1st</td>
        <td>0</td>
        <td>Hipkins, Mr. William Edward</td>
        <td>male</td>
        <td>55</td>
        <td>0</td>
        <td>0</td>
        <td>680</td>
        <td>50</td>
        <td>C39</td>
        <td>Southampton</td>
        <td></td>
        <td>NA</td>
        <td>London / Birmingham</td>
      </tr>
      <tr id="LC161" class="js-file-line">
        <td id="L161" class="blob-num js-line-number" data-line-number="161"></td>
        <td>160</td>
        <td>1st</td>
        <td>1</td>
        <td>Hippach, Miss. Jean Gertrude</td>
        <td>female</td>
        <td>16</td>
        <td>0</td>
        <td>1</td>
        <td>111361</td>
        <td>57.9791985</td>
        <td>B18</td>
        <td>Cherbourg</td>
        <td>4</td>
        <td>NA</td>
        <td>Chicago, IL</td>
      </tr>
      <tr id="LC162" class="js-file-line">
        <td id="L162" class="blob-num js-line-number" data-line-number="162"></td>
        <td>161</td>
        <td>1st</td>
        <td>1</td>
        <td>Hippach, Mrs. Louis Albert (Ida</td>
        <td>female</td>
        <td>44</td>
        <td>0</td>
        <td>1</td>
        <td>111361</td>
        <td>57.9791985</td>
        <td>B18</td>
        <td>Cherbourg</td>
        <td>4</td>
        <td>NA</td>
        <td>Chicago, IL</td>
      </tr>
      <tr id="LC163" class="js-file-line">
        <td id="L163" class="blob-num js-line-number" data-line-number="163"></td>
        <td>162</td>
        <td>1st</td>
        <td>1</td>
        <td>Hogeboom, Mrs. John C (Anna And</td>
        <td>female</td>
        <td>51</td>
        <td>1</td>
        <td>0</td>
        <td>13502</td>
        <td>77.9582977</td>
        <td>D11</td>
        <td>Southampton</td>
        <td>10</td>
        <td>NA</td>
        <td>Hudson, NY</td>
      </tr>
      <tr id="LC164" class="js-file-line">
        <td id="L164" class="blob-num js-line-number" data-line-number="164"></td>
        <td>163</td>
        <td>1st</td>
        <td>0</td>
        <td>Holverson, Mr. Alexander Oskar</td>
        <td>male</td>
        <td>42</td>
        <td>1</td>
        <td>0</td>
        <td>113789</td>
        <td>52</td>
        <td></td>
        <td>Southampton</td>
        <td></td>
        <td>38</td>
        <td>New York, NY</td>
      </tr>
      <tr id="LC165" class="js-file-line">
        <td id="L165" class="blob-num js-line-number" data-line-number="165"></td>
        <td>164</td>
        <td>1st</td>
        <td>1</td>
        <td>Holverson, Mrs. Alexander Oskar</td>
        <td>female</td>
        <td>35</td>
        <td>1</td>
        <td>0</td>
        <td>113789</td>
        <td>52</td>
        <td></td>
        <td>Southampton</td>
        <td>8</td>
        <td>NA</td>
        <td>New York, NY</td>
      </tr>
      <tr id="LC166" class="js-file-line">
        <td id="L166" class="blob-num js-line-number" data-line-number="166"></td>
        <td>165</td>
        <td>1st</td>
        <td>1</td>
        <td>Homer, Mr. Harry (\&quot;Mr E Haven\&quot;)</td>
        <td>male</td>
        <td>35</td>
        <td>0</td>
        <td>0</td>
        <td>111426</td>
        <td>26.5499992</td>
        <td></td>
        <td>Cherbourg</td>
        <td>15</td>
        <td>NA</td>
        <td>Indianapolis, IN</td>
      </tr>
      <tr id="LC167" class="js-file-line">
        <td id="L167" class="blob-num js-line-number" data-line-number="167"></td>
        <td>166</td>
        <td>1st</td>
        <td>1</td>
        <td>Hoyt, Mr. Frederick Maxfield</td>
        <td>male</td>
        <td>38</td>
        <td>1</td>
        <td>0</td>
        <td>19943</td>
        <td>90</td>
        <td>C93</td>
        <td>Southampton</td>
        <td>D</td>
        <td>NA</td>
        <td>New York, NY /  Stamford CT</td>
      </tr>
      <tr id="LC168" class="js-file-line">
        <td id="L168" class="blob-num js-line-number" data-line-number="168"></td>
        <td>167</td>
        <td>1st</td>
        <td>0</td>
        <td>Hoyt, Mr. William Fisher</td>
        <td>male</td>
        <td>NA</td>
        <td>0</td>
        <td>0</td>
        <td>PC 17600</td>
        <td>30.6958008</td>
        <td></td>
        <td>Cherbourg</td>
        <td>14</td>
        <td>NA</td>
        <td>New York, NY</td>
      </tr>
      <tr id="LC169" class="js-file-line">
        <td id="L169" class="blob-num js-line-number" data-line-number="169"></td>
        <td>168</td>
        <td>1st</td>
        <td>1</td>
        <td>Hoyt, Mrs. Frederick Maxfield (</td>
        <td>female</td>
        <td>35</td>
        <td>1</td>
        <td>0</td>
        <td>19943</td>
        <td>90</td>
        <td>C93</td>
        <td>Southampton</td>
        <td>D</td>
        <td>NA</td>
        <td>New York, NY /  Stamford CT</td>
      </tr>
      <tr id="LC170" class="js-file-line">
        <td id="L170" class="blob-num js-line-number" data-line-number="170"></td>
        <td>169</td>
        <td>1st</td>
        <td>1</td>
        <td>Icard, Miss. Amelie</td>
        <td>female</td>
        <td>38</td>
        <td>0</td>
        <td>0</td>
        <td>113572</td>
        <td>80</td>
        <td>B28</td>
        <td>NA</td>
        <td>6</td>
        <td>NA</td>
        <td></td>
      </tr>
      <tr id="LC171" class="js-file-line">
        <td id="L171" class="blob-num js-line-number" data-line-number="171"></td>
        <td>170</td>
        <td>1st</td>
        <td>0</td>
        <td>Isham, Miss. Ann Elizabeth</td>
        <td>female</td>
        <td>50</td>
        <td>0</td>
        <td>0</td>
        <td>PC 17595</td>
        <td>28.7124996</td>
        <td>C49</td>
        <td>Cherbourg</td>
        <td></td>
        <td>NA</td>
        <td>Paris, France New York, NY</td>
      </tr>
      <tr id="LC172" class="js-file-line">
        <td id="L172" class="blob-num js-line-number" data-line-number="172"></td>
        <td>171</td>
        <td>1st</td>
        <td>1</td>
        <td>Ismay, Mr. Joseph Bruce</td>
        <td>male</td>
        <td>49</td>
        <td>0</td>
        <td>0</td>
        <td>112058</td>
        <td>0</td>
        <td>B52 B54 B56</td>
        <td>Southampton</td>
        <td>C</td>
        <td>NA</td>
        <td>Liverpool</td>
      </tr>
      <tr id="LC173" class="js-file-line">
        <td id="L173" class="blob-num js-line-number" data-line-number="173"></td>
        <td>172</td>
        <td>1st</td>
        <td>0</td>
        <td>Jones, Mr. Charles Cresson</td>
        <td>male</td>
        <td>46</td>
        <td>0</td>
        <td>0</td>
        <td>694</td>
        <td>26</td>
        <td></td>
        <td>Southampton</td>
        <td></td>
        <td>80</td>
        <td>Bennington, VT</td>
      </tr>
      <tr id="LC174" class="js-file-line">
        <td id="L174" class="blob-num js-line-number" data-line-number="174"></td>
        <td>173</td>
        <td>1st</td>
        <td>0</td>
        <td>Julian, Mr. Henry Forbes</td>
        <td>male</td>
        <td>50</td>
        <td>0</td>
        <td>0</td>
        <td>113044</td>
        <td>26</td>
        <td>E60</td>
        <td>Southampton</td>
        <td></td>
        <td>NA</td>
        <td>London</td>
      </tr>
      <tr id="LC175" class="js-file-line">
        <td id="L175" class="blob-num js-line-number" data-line-number="175"></td>
        <td>174</td>
        <td>1st</td>
        <td>0</td>
        <td>Keeping, Mr. Edwin</td>
        <td>male</td>
        <td>32.5</td>
        <td>0</td>
        <td>0</td>
        <td>113503</td>
        <td>211.5</td>
        <td>C132</td>
        <td>Cherbourg</td>
        <td></td>
        <td>45</td>
        <td></td>
      </tr>
      <tr id="LC176" class="js-file-line">
        <td id="L176" class="blob-num js-line-number" data-line-number="176"></td>
        <td>175</td>
        <td>1st</td>
        <td>0</td>
        <td>Kent, Mr. Edward Austin</td>
        <td>male</td>
        <td>58</td>
        <td>0</td>
        <td>0</td>
        <td>11771</td>
        <td>29.7000008</td>
        <td>B37</td>
        <td>Cherbourg</td>
        <td></td>
        <td>258</td>
        <td>Buffalo, NY</td>
      </tr>
      <tr id="LC177" class="js-file-line">
        <td id="L177" class="blob-num js-line-number" data-line-number="177"></td>
        <td>176</td>
        <td>1st</td>
        <td>0</td>
        <td>Kenyon, Mr. Frederick R</td>
        <td>male</td>
        <td>41</td>
        <td>1</td>
        <td>0</td>
        <td>17464</td>
        <td>51.8624992</td>
        <td>D21</td>
        <td>Southampton</td>
        <td></td>
        <td>NA</td>
        <td>Southington / Noank, CT</td>
      </tr>
      <tr id="LC178" class="js-file-line">
        <td id="L178" class="blob-num js-line-number" data-line-number="178"></td>
        <td>177</td>
        <td>1st</td>
        <td>1</td>
        <td>Kenyon, Mrs. Frederick R (Mario</td>
        <td>female</td>
        <td>NA</td>
        <td>1</td>
        <td>0</td>
        <td>17464</td>
        <td>51.8624992</td>
        <td>D21</td>
        <td>Southampton</td>
        <td>8</td>
        <td>NA</td>
        <td>Southington / Noank, CT</td>
      </tr>
      <tr id="LC179" class="js-file-line">
        <td id="L179" class="blob-num js-line-number" data-line-number="179"></td>
        <td>178</td>
        <td>1st</td>
        <td>1</td>
        <td>Kimball, Mr. Edwin Nelson Jr</td>
        <td>male</td>
        <td>42</td>
        <td>1</td>
        <td>0</td>
        <td>11753</td>
        <td>52.5541992</td>
        <td>D19</td>
        <td>Southampton</td>
        <td>5</td>
        <td>NA</td>
        <td>Boston, MA</td>
      </tr>
      <tr id="LC180" class="js-file-line">
        <td id="L180" class="blob-num js-line-number" data-line-number="180"></td>
        <td>179</td>
        <td>1st</td>
        <td>1</td>
        <td>Kimball, Mrs. Edwin Nelson Jr (</td>
        <td>female</td>
        <td>45</td>
        <td>1</td>
        <td>0</td>
        <td>11753</td>
        <td>52.5541992</td>
        <td>D19</td>
        <td>Southampton</td>
        <td>5</td>
        <td>NA</td>
        <td>Boston, MA</td>
      </tr>
      <tr id="LC181" class="js-file-line">
        <td id="L181" class="blob-num js-line-number" data-line-number="181"></td>
        <td>180</td>
        <td>1st</td>
        <td>0</td>
        <td>Klaber, Mr. Herman</td>
        <td>male</td>
        <td>NA</td>
        <td>0</td>
        <td>0</td>
        <td>113028</td>
        <td>26.5499992</td>
        <td>C124</td>
        <td>Southampton</td>
        <td></td>
        <td>NA</td>
        <td>Portland, OR</td>
      </tr>
      <tr id="LC182" class="js-file-line">
        <td id="L182" class="blob-num js-line-number" data-line-number="182"></td>
        <td>181</td>
        <td>1st</td>
        <td>1</td>
        <td>Kreuchen, Miss. Emilie</td>
        <td>female</td>
        <td>39</td>
        <td>0</td>
        <td>0</td>
        <td>24160</td>
        <td>211.337494</td>
        <td></td>
        <td>Southampton</td>
        <td>2</td>
        <td>NA</td>
        <td></td>
      </tr>
      <tr id="LC183" class="js-file-line">
        <td id="L183" class="blob-num js-line-number" data-line-number="183"></td>
        <td>182</td>
        <td>1st</td>
        <td>1</td>
        <td>Leader, Dr. Alice (Farnham)</td>
        <td>female</td>
        <td>49</td>
        <td>0</td>
        <td>0</td>
        <td>17465</td>
        <td>25.9291992</td>
        <td>D17</td>
        <td>Southampton</td>
        <td>8</td>
        <td>NA</td>
        <td>New York, NY</td>
      </tr>
      <tr id="LC184" class="js-file-line">
        <td id="L184" class="blob-num js-line-number" data-line-number="184"></td>
        <td>183</td>
        <td>1st</td>
        <td>1</td>
        <td>LeRoy, Miss. Bertha</td>
        <td>female</td>
        <td>30</td>
        <td>0</td>
        <td>0</td>
        <td>PC 17761</td>
        <td>106.425003</td>
        <td></td>
        <td>Cherbourg</td>
        <td>2</td>
        <td>NA</td>
        <td></td>
      </tr>
      <tr id="LC185" class="js-file-line">
        <td id="L185" class="blob-num js-line-number" data-line-number="185"></td>
        <td>184</td>
        <td>1st</td>
        <td>1</td>
        <td>Lesurer, Mr. Gustave J</td>
        <td>male</td>
        <td>35</td>
        <td>0</td>
        <td>0</td>
        <td>PC 17755</td>
        <td>512.329224</td>
        <td>B101</td>
        <td>Cherbourg</td>
        <td>3</td>
        <td>NA</td>
        <td></td>
      </tr>
      <tr id="LC186" class="js-file-line">
        <td id="L186" class="blob-num js-line-number" data-line-number="186"></td>
        <td>185</td>
        <td>1st</td>
        <td>0</td>
        <td>Lewy, Mr. Ervin G</td>
        <td>male</td>
        <td>NA</td>
        <td>0</td>
        <td>0</td>
        <td>PC 17612</td>
        <td>27.7208004</td>
        <td></td>
        <td>Cherbourg</td>
        <td></td>
        <td>NA</td>
        <td>Chicago, IL</td>
      </tr>
      <tr id="LC187" class="js-file-line">
        <td id="L187" class="blob-num js-line-number" data-line-number="187"></td>
        <td>186</td>
        <td>1st</td>
        <td>0</td>
        <td>Lindeberg-Lind, Mr. Erik Gustaf</td>
        <td>male</td>
        <td>42</td>
        <td>0</td>
        <td>0</td>
        <td>17475</td>
        <td>26.5499992</td>
        <td></td>
        <td>Southampton</td>
        <td></td>
        <td>NA</td>
        <td>Stockholm, Sweden</td>
      </tr>
      <tr id="LC188" class="js-file-line">
        <td id="L188" class="blob-num js-line-number" data-line-number="188"></td>
        <td>187</td>
        <td>1st</td>
        <td>1</td>
        <td>Lindstrom, Mrs. Carl Johan (Sig</td>
        <td>female</td>
        <td>55</td>
        <td>0</td>
        <td>0</td>
        <td>112377</td>
        <td>27.7208004</td>
        <td></td>
        <td>Cherbourg</td>
        <td>6</td>
        <td>NA</td>
        <td>Stockholm, Sweden</td>
      </tr>
      <tr id="LC189" class="js-file-line">
        <td id="L189" class="blob-num js-line-number" data-line-number="189"></td>
        <td>188</td>
        <td>1st</td>
        <td>1</td>
        <td>Lines, Miss. Mary Conover</td>
        <td>female</td>
        <td>16</td>
        <td>0</td>
        <td>1</td>
        <td>PC 17592</td>
        <td>39.4000015</td>
        <td>D28</td>
        <td>Southampton</td>
        <td>9</td>
        <td>NA</td>
        <td>Paris, France</td>
      </tr>
      <tr id="LC190" class="js-file-line">
        <td id="L190" class="blob-num js-line-number" data-line-number="190"></td>
        <td>189</td>
        <td>1st</td>
        <td>1</td>
        <td>Lines, Mrs. Ernest H (Elizabeth</td>
        <td>female</td>
        <td>51</td>
        <td>0</td>
        <td>1</td>
        <td>PC 17592</td>
        <td>39.4000015</td>
        <td>D28</td>
        <td>Southampton</td>
        <td>9</td>
        <td>NA</td>
        <td>Paris, France</td>
      </tr>
      <tr id="LC191" class="js-file-line">
        <td id="L191" class="blob-num js-line-number" data-line-number="191"></td>
        <td>190</td>
        <td>1st</td>
        <td>0</td>
        <td>Long, Mr. Milton Clyde</td>
        <td>male</td>
        <td>29</td>
        <td>0</td>
        <td>0</td>
        <td>113501</td>
        <td>30</td>
        <td>D6</td>
        <td>Southampton</td>
        <td></td>
        <td>126</td>
        <td>Springfield, MA</td>
      </tr>
      <tr id="LC192" class="js-file-line">
        <td id="L192" class="blob-num js-line-number" data-line-number="192"></td>
        <td>191</td>
        <td>1st</td>
        <td>1</td>
        <td>Longley, Miss. Gretchen Fiske</td>
        <td>female</td>
        <td>21</td>
        <td>0</td>
        <td>0</td>
        <td>13502</td>
        <td>77.9582977</td>
        <td>D9</td>
        <td>Southampton</td>
        <td>10</td>
        <td>NA</td>
        <td>Hudson, NY</td>
      </tr>
      <tr id="LC193" class="js-file-line">
        <td id="L193" class="blob-num js-line-number" data-line-number="193"></td>
        <td>192</td>
        <td>1st</td>
        <td>0</td>
        <td>Loring, Mr. Joseph Holland</td>
        <td>male</td>
        <td>30</td>
        <td>0</td>
        <td>0</td>
        <td>113801</td>
        <td>45.5</td>
        <td></td>
        <td>Southampton</td>
        <td></td>
        <td>NA</td>
        <td>London / New York, NY</td>
      </tr>
      <tr id="LC194" class="js-file-line">
        <td id="L194" class="blob-num js-line-number" data-line-number="194"></td>
        <td>193</td>
        <td>1st</td>
        <td>1</td>
        <td>Lurette, Miss. Elise</td>
        <td>female</td>
        <td>58</td>
        <td>0</td>
        <td>0</td>
        <td>PC 17569</td>
        <td>146.520798</td>
        <td>B80</td>
        <td>Cherbourg</td>
        <td></td>
        <td>NA</td>
        <td></td>
      </tr>
      <tr id="LC195" class="js-file-line">
        <td id="L195" class="blob-num js-line-number" data-line-number="195"></td>
        <td>194</td>
        <td>1st</td>
        <td>1</td>
        <td>Madill, Miss. Georgette Alexand</td>
        <td>female</td>
        <td>15</td>
        <td>0</td>
        <td>1</td>
        <td>24160</td>
        <td>211.337494</td>
        <td>B5</td>
        <td>Southampton</td>
        <td>2</td>
        <td>NA</td>
        <td>St Louis, MO</td>
      </tr>
      <tr id="LC196" class="js-file-line">
        <td id="L196" class="blob-num js-line-number" data-line-number="196"></td>
        <td>195</td>
        <td>1st</td>
        <td>0</td>
        <td>Maguire, Mr. John Edward</td>
        <td>male</td>
        <td>30</td>
        <td>0</td>
        <td>0</td>
        <td>110469</td>
        <td>26</td>
        <td>C106</td>
        <td>Southampton</td>
        <td></td>
        <td>NA</td>
        <td>Brockton, MA</td>
      </tr>
      <tr id="LC197" class="js-file-line">
        <td id="L197" class="blob-num js-line-number" data-line-number="197"></td>
        <td>196</td>
        <td>1st</td>
        <td>1</td>
        <td>Maioni, Miss. Roberta</td>
        <td>female</td>
        <td>16</td>
        <td>0</td>
        <td>0</td>
        <td>110152</td>
        <td>86.5</td>
        <td>B79</td>
        <td>Southampton</td>
        <td>8</td>
        <td>NA</td>
        <td></td>
      </tr>
      <tr id="LC198" class="js-file-line">
        <td id="L198" class="blob-num js-line-number" data-line-number="198"></td>
        <td>197</td>
        <td>1st</td>
        <td>1</td>
        <td>Marechal, Mr. Pierre</td>
        <td>male</td>
        <td>NA</td>
        <td>0</td>
        <td>0</td>
        <td>11774</td>
        <td>29.7000008</td>
        <td>C47</td>
        <td>Cherbourg</td>
        <td>7</td>
        <td>NA</td>
        <td>Paris, France</td>
      </tr>
      <tr id="LC199" class="js-file-line">
        <td id="L199" class="blob-num js-line-number" data-line-number="199"></td>
        <td>198</td>
        <td>1st</td>
        <td>0</td>
        <td>Marvin, Mr. Daniel Warner</td>
        <td>male</td>
        <td>19</td>
        <td>1</td>
        <td>0</td>
        <td>113773</td>
        <td>53.0999985</td>
        <td>D30</td>
        <td>Southampton</td>
        <td></td>
        <td>NA</td>
        <td>New York, NY</td>
      </tr>
      <tr id="LC200" class="js-file-line">
        <td id="L200" class="blob-num js-line-number" data-line-number="200"></td>
        <td>199</td>
        <td>1st</td>
        <td>1</td>
        <td>Marvin, Mrs. Daniel Warner (Mar</td>
        <td>female</td>
        <td>18</td>
        <td>1</td>
        <td>0</td>
        <td>113773</td>
        <td>53.0999985</td>
        <td>D30</td>
        <td>Southampton</td>
        <td>10</td>
        <td>NA</td>
        <td>New York, NY</td>
      </tr>
      <tr id="LC201" class="js-file-line">
        <td id="L201" class="blob-num js-line-number" data-line-number="201"></td>
        <td>200</td>
        <td>1st</td>
        <td>1</td>
        <td>Mayne, Mlle. Berthe Antonine (\&quot;</td>
        <td>female</td>
        <td>24</td>
        <td>0</td>
        <td>0</td>
        <td>PC 17482</td>
        <td>49.5042</td>
        <td>C90</td>
        <td>Cherbourg</td>
        <td>6</td>
        <td>NA</td>
        <td>Belgium  Montreal, PQ</td>
      </tr>
      <tr id="LC202" class="js-file-line">
        <td id="L202" class="blob-num js-line-number" data-line-number="202"></td>
        <td>201</td>
        <td>1st</td>
        <td>0</td>
        <td>McCaffry, Mr. Thomas Francis</td>
        <td>male</td>
        <td>46</td>
        <td>0</td>
        <td>0</td>
        <td>13050</td>
        <td>75.2416992</td>
        <td>C6</td>
        <td>Cherbourg</td>
        <td></td>
        <td>292</td>
        <td>Vancouver, BC</td>
      </tr>
      <tr id="LC203" class="js-file-line">
        <td id="L203" class="blob-num js-line-number" data-line-number="203"></td>
        <td>202</td>
        <td>1st</td>
        <td>0</td>
        <td>McCarthy, Mr. Timothy J</td>
        <td>male</td>
        <td>54</td>
        <td>0</td>
        <td>0</td>
        <td>17463</td>
        <td>51.8624992</td>
        <td>E46</td>
        <td>Southampton</td>
        <td></td>
        <td>175</td>
        <td>Dorchester, MA</td>
      </tr>
      <tr id="LC204" class="js-file-line">
        <td id="L204" class="blob-num js-line-number" data-line-number="204"></td>
        <td>203</td>
        <td>1st</td>
        <td>1</td>
        <td>McGough, Mr. James Robert</td>
        <td>male</td>
        <td>36</td>
        <td>0</td>
        <td>0</td>
        <td>PC 17473</td>
        <td>26.2875004</td>
        <td>E25</td>
        <td>Southampton</td>
        <td>7</td>
        <td>NA</td>
        <td>Philadelphia, PA</td>
      </tr>
      <tr id="LC205" class="js-file-line">
        <td id="L205" class="blob-num js-line-number" data-line-number="205"></td>
        <td>204</td>
        <td>1st</td>
        <td>0</td>
        <td>Meyer, Mr. Edgar Joseph</td>
        <td>male</td>
        <td>28</td>
        <td>1</td>
        <td>0</td>
        <td>PC 17604</td>
        <td>82.1707993</td>
        <td></td>
        <td>Cherbourg</td>
        <td></td>
        <td>NA</td>
        <td>New York, NY</td>
      </tr>
      <tr id="LC206" class="js-file-line">
        <td id="L206" class="blob-num js-line-number" data-line-number="206"></td>
        <td>205</td>
        <td>1st</td>
        <td>1</td>
        <td>Meyer, Mrs. Edgar Joseph (Leila</td>
        <td>female</td>
        <td>NA</td>
        <td>1</td>
        <td>0</td>
        <td>PC 17604</td>
        <td>82.1707993</td>
        <td></td>
        <td>Cherbourg</td>
        <td>6</td>
        <td>NA</td>
        <td>New York, NY</td>
      </tr>
      <tr id="LC207" class="js-file-line">
        <td id="L207" class="blob-num js-line-number" data-line-number="207"></td>
        <td>206</td>
        <td>1st</td>
        <td>0</td>
        <td>Millet, Mr. Francis Davis</td>
        <td>male</td>
        <td>65</td>
        <td>0</td>
        <td>0</td>
        <td>13509</td>
        <td>26.5499992</td>
        <td>E38</td>
        <td>Southampton</td>
        <td></td>
        <td>249</td>
        <td>East Bridgewater, MA</td>
      </tr>
      <tr id="LC208" class="js-file-line">
        <td id="L208" class="blob-num js-line-number" data-line-number="208"></td>
        <td>207</td>
        <td>1st</td>
        <td>0</td>
        <td>Minahan, Dr. William Edward</td>
        <td>male</td>
        <td>44</td>
        <td>2</td>
        <td>0</td>
        <td>19928</td>
        <td>90</td>
        <td>C78</td>
        <td>Queenstown</td>
        <td></td>
        <td>230</td>
        <td>Fond du Lac, WI</td>
      </tr>
      <tr id="LC209" class="js-file-line">
        <td id="L209" class="blob-num js-line-number" data-line-number="209"></td>
        <td>208</td>
        <td>1st</td>
        <td>1</td>
        <td>Minahan, Miss. Daisy E</td>
        <td>female</td>
        <td>33</td>
        <td>1</td>
        <td>0</td>
        <td>19928</td>
        <td>90</td>
        <td>C78</td>
        <td>Queenstown</td>
        <td>14</td>
        <td>NA</td>
        <td>Green Bay, WI</td>
      </tr>
      <tr id="LC210" class="js-file-line">
        <td id="L210" class="blob-num js-line-number" data-line-number="210"></td>
        <td>209</td>
        <td>1st</td>
        <td>1</td>
        <td>Minahan, Mrs. William Edward (L</td>
        <td>female</td>
        <td>37</td>
        <td>1</td>
        <td>0</td>
        <td>19928</td>
        <td>90</td>
        <td>C78</td>
        <td>Queenstown</td>
        <td>14</td>
        <td>NA</td>
        <td>Fond du Lac, WI</td>
      </tr>
      <tr id="LC211" class="js-file-line">
        <td id="L211" class="blob-num js-line-number" data-line-number="211"></td>
        <td>210</td>
        <td>1st</td>
        <td>1</td>
        <td>Mock, Mr. Philipp Edmund</td>
        <td>male</td>
        <td>30</td>
        <td>1</td>
        <td>0</td>
        <td>13236</td>
        <td>57.75</td>
        <td>C78</td>
        <td>Cherbourg</td>
        <td>11</td>
        <td>NA</td>
        <td>New York, NY</td>
      </tr>
      <tr id="LC212" class="js-file-line">
        <td id="L212" class="blob-num js-line-number" data-line-number="212"></td>
        <td>211</td>
        <td>1st</td>
        <td>0</td>
        <td>Molson, Mr. Harry Markland</td>
        <td>male</td>
        <td>55</td>
        <td>0</td>
        <td>0</td>
        <td>113787</td>
        <td>30.5</td>
        <td>C30</td>
        <td>Southampton</td>
        <td></td>
        <td>NA</td>
        <td>Montreal, PQ</td>
      </tr>
      <tr id="LC213" class="js-file-line">
        <td id="L213" class="blob-num js-line-number" data-line-number="213"></td>
        <td>212</td>
        <td>1st</td>
        <td>0</td>
        <td>Moore, Mr. Clarence Bloomfield</td>
        <td>male</td>
        <td>47</td>
        <td>0</td>
        <td>0</td>
        <td>113796</td>
        <td>42.4000015</td>
        <td></td>
        <td>Southampton</td>
        <td></td>
        <td>NA</td>
        <td>Washington, DC</td>
      </tr>
      <tr id="LC214" class="js-file-line">
        <td id="L214" class="blob-num js-line-number" data-line-number="214"></td>
        <td>213</td>
        <td>1st</td>
        <td>0</td>
        <td>Natsch, Mr. Charles H</td>
        <td>male</td>
        <td>37</td>
        <td>0</td>
        <td>1</td>
        <td>PC 17596</td>
        <td>29.7000008</td>
        <td>C118</td>
        <td>Cherbourg</td>
        <td></td>
        <td>NA</td>
        <td>Brooklyn, NY</td>
      </tr>
      <tr id="LC215" class="js-file-line">
        <td id="L215" class="blob-num js-line-number" data-line-number="215"></td>
        <td>214</td>
        <td>1st</td>
        <td>1</td>
        <td>Newell, Miss. Madeleine</td>
        <td>female</td>
        <td>31</td>
        <td>1</td>
        <td>0</td>
        <td>35273</td>
        <td>113.275002</td>
        <td>D36</td>
        <td>Cherbourg</td>
        <td>6</td>
        <td>NA</td>
        <td>Lexington, MA</td>
      </tr>
      <tr id="LC216" class="js-file-line">
        <td id="L216" class="blob-num js-line-number" data-line-number="216"></td>
        <td>215</td>
        <td>1st</td>
        <td>1</td>
        <td>Newell, Miss. Marjorie</td>
        <td>female</td>
        <td>23</td>
        <td>1</td>
        <td>0</td>
        <td>35273</td>
        <td>113.275002</td>
        <td>D36</td>
        <td>Cherbourg</td>
        <td>6</td>
        <td>NA</td>
        <td>Lexington, MA</td>
      </tr>
      <tr id="LC217" class="js-file-line">
        <td id="L217" class="blob-num js-line-number" data-line-number="217"></td>
        <td>216</td>
        <td>1st</td>
        <td>0</td>
        <td>Newell, Mr. Arthur Webster</td>
        <td>male</td>
        <td>58</td>
        <td>0</td>
        <td>2</td>
        <td>35273</td>
        <td>113.275002</td>
        <td>D48</td>
        <td>Cherbourg</td>
        <td></td>
        <td>122</td>
        <td>Lexington, MA</td>
      </tr>
      <tr id="LC218" class="js-file-line">
        <td id="L218" class="blob-num js-line-number" data-line-number="218"></td>
        <td>217</td>
        <td>1st</td>
        <td>1</td>
        <td>Newsom, Miss. Helen Monypeny</td>
        <td>female</td>
        <td>19</td>
        <td>0</td>
        <td>2</td>
        <td>11752</td>
        <td>26.2833004</td>
        <td>D47</td>
        <td>Southampton</td>
        <td>5</td>
        <td>NA</td>
        <td>New York, NY</td>
      </tr>
      <tr id="LC219" class="js-file-line">
        <td id="L219" class="blob-num js-line-number" data-line-number="219"></td>
        <td>218</td>
        <td>1st</td>
        <td>0</td>
        <td>Nicholson, Mr. Arthur Ernest</td>
        <td>male</td>
        <td>64</td>
        <td>0</td>
        <td>0</td>
        <td>693</td>
        <td>26</td>
        <td></td>
        <td>Southampton</td>
        <td></td>
        <td>263</td>
        <td>Isle of Wight, England</td>
      </tr>
      <tr id="LC220" class="js-file-line">
        <td id="L220" class="blob-num js-line-number" data-line-number="220"></td>
        <td>219</td>
        <td>1st</td>
        <td>1</td>
        <td>Oliva y Ocana, Dona. Fermina</td>
        <td>female</td>
        <td>39</td>
        <td>0</td>
        <td>0</td>
        <td>PC 17758</td>
        <td>108.900002</td>
        <td>C105</td>
        <td>Cherbourg</td>
        <td>8</td>
        <td>NA</td>
        <td></td>
      </tr>
      <tr id="LC221" class="js-file-line">
        <td id="L221" class="blob-num js-line-number" data-line-number="221"></td>
        <td>220</td>
        <td>1st</td>
        <td>1</td>
        <td>Omont, Mr. Alfred Fernand</td>
        <td>male</td>
        <td>NA</td>
        <td>0</td>
        <td>0</td>
        <td>F.C. 12998</td>
        <td>25.7416992</td>
        <td></td>
        <td>Cherbourg</td>
        <td>7</td>
        <td>NA</td>
        <td>Paris, France</td>
      </tr>
      <tr id="LC222" class="js-file-line">
        <td id="L222" class="blob-num js-line-number" data-line-number="222"></td>
        <td>221</td>
        <td>1st</td>
        <td>1</td>
        <td>Ostby, Miss. Helene Ragnhild</td>
        <td>female</td>
        <td>22</td>
        <td>0</td>
        <td>1</td>
        <td>113509</td>
        <td>61.9791985</td>
        <td>B36</td>
        <td>Cherbourg</td>
        <td>5</td>
        <td>NA</td>
        <td>Providence, RI</td>
      </tr>
      <tr id="LC223" class="js-file-line">
        <td id="L223" class="blob-num js-line-number" data-line-number="223"></td>
        <td>222</td>
        <td>1st</td>
        <td>0</td>
        <td>Ostby, Mr. Engelhart Cornelius</td>
        <td>male</td>
        <td>65</td>
        <td>0</td>
        <td>1</td>
        <td>113509</td>
        <td>61.9791985</td>
        <td>B30</td>
        <td>Cherbourg</td>
        <td></td>
        <td>234</td>
        <td>Providence, RI</td>
      </tr>
      <tr id="LC224" class="js-file-line">
        <td id="L224" class="blob-num js-line-number" data-line-number="224"></td>
        <td>223</td>
        <td>1st</td>
        <td>0</td>
        <td>Ovies y Rodriguez, Mr. Servando</td>
        <td>male</td>
        <td>28.5</td>
        <td>0</td>
        <td>0</td>
        <td>PC 17562</td>
        <td>27.7208004</td>
        <td>D43</td>
        <td>Cherbourg</td>
        <td></td>
        <td>189</td>
        <td>?Havana, Cuba</td>
      </tr>
      <tr id="LC225" class="js-file-line">
        <td id="L225" class="blob-num js-line-number" data-line-number="225"></td>
        <td>224</td>
        <td>1st</td>
        <td>0</td>
        <td>Parr, Mr. William Henry Marsh</td>
        <td>male</td>
        <td>NA</td>
        <td>0</td>
        <td>0</td>
        <td>112052</td>
        <td>0</td>
        <td></td>
        <td>Southampton</td>
        <td></td>
        <td>NA</td>
        <td>Belfast</td>
      </tr>
      <tr id="LC226" class="js-file-line">
        <td id="L226" class="blob-num js-line-number" data-line-number="226"></td>
        <td>225</td>
        <td>1st</td>
        <td>0</td>
        <td>Partner, Mr. Austen</td>
        <td>male</td>
        <td>45.5</td>
        <td>0</td>
        <td>0</td>
        <td>113043</td>
        <td>28.5</td>
        <td>C124</td>
        <td>Southampton</td>
        <td></td>
        <td>166</td>
        <td>Surbiton Hill, Surrey</td>
      </tr>
      <tr id="LC227" class="js-file-line">
        <td id="L227" class="blob-num js-line-number" data-line-number="227"></td>
        <td>226</td>
        <td>1st</td>
        <td>0</td>
        <td>Payne, Mr. Vivian Ponsonby</td>
        <td>male</td>
        <td>23</td>
        <td>0</td>
        <td>0</td>
        <td>12749</td>
        <td>93.5</td>
        <td>B24</td>
        <td>Southampton</td>
        <td></td>
        <td>NA</td>
        <td>Montreal, PQ</td>
      </tr>
      <tr id="LC228" class="js-file-line">
        <td id="L228" class="blob-num js-line-number" data-line-number="228"></td>
        <td>227</td>
        <td>1st</td>
        <td>0</td>
        <td>Pears, Mr. Thomas Clinton</td>
        <td>male</td>
        <td>29</td>
        <td>1</td>
        <td>0</td>
        <td>113776</td>
        <td>66.5999985</td>
        <td>C2</td>
        <td>Southampton</td>
        <td></td>
        <td>NA</td>
        <td>Isleworth, England</td>
      </tr>
      <tr id="LC229" class="js-file-line">
        <td id="L229" class="blob-num js-line-number" data-line-number="229"></td>
        <td>228</td>
        <td>1st</td>
        <td>1</td>
        <td>Pears, Mrs. Thomas (Edith Wearn</td>
        <td>female</td>
        <td>22</td>
        <td>1</td>
        <td>0</td>
        <td>113776</td>
        <td>66.5999985</td>
        <td>C2</td>
        <td>Southampton</td>
        <td>8</td>
        <td>NA</td>
        <td>Isleworth, England</td>
      </tr>
      <tr id="LC230" class="js-file-line">
        <td id="L230" class="blob-num js-line-number" data-line-number="230"></td>
        <td>229</td>
        <td>1st</td>
        <td>0</td>
        <td>Penasco y Castellana, Mr. Victo</td>
        <td>male</td>
        <td>18</td>
        <td>1</td>
        <td>0</td>
        <td>PC 17758</td>
        <td>108.900002</td>
        <td>C65</td>
        <td>Cherbourg</td>
        <td></td>
        <td>NA</td>
        <td>Madrid, Spain</td>
      </tr>
      <tr id="LC231" class="js-file-line">
        <td id="L231" class="blob-num js-line-number" data-line-number="231"></td>
        <td>230</td>
        <td>1st</td>
        <td>1</td>
        <td>Penasco y Castellana, Mrs. Vict</td>
        <td>female</td>
        <td>17</td>
        <td>1</td>
        <td>0</td>
        <td>PC 17758</td>
        <td>108.900002</td>
        <td>C65</td>
        <td>Cherbourg</td>
        <td>8</td>
        <td>NA</td>
        <td>Madrid, Spain</td>
      </tr>
      <tr id="LC232" class="js-file-line">
        <td id="L232" class="blob-num js-line-number" data-line-number="232"></td>
        <td>231</td>
        <td>1st</td>
        <td>1</td>
        <td>Perreault, Miss. Anne</td>
        <td>female</td>
        <td>30</td>
        <td>0</td>
        <td>0</td>
        <td>12749</td>
        <td>93.5</td>
        <td>B73</td>
        <td>Southampton</td>
        <td>3</td>
        <td>NA</td>
        <td></td>
      </tr>
      <tr id="LC233" class="js-file-line">
        <td id="L233" class="blob-num js-line-number" data-line-number="233"></td>
        <td>232</td>
        <td>1st</td>
        <td>1</td>
        <td>Peuchen, Major. Arthur Godfrey</td>
        <td>male</td>
        <td>52</td>
        <td>0</td>
        <td>0</td>
        <td>113786</td>
        <td>30.5</td>
        <td>C104</td>
        <td>Southampton</td>
        <td>6</td>
        <td>NA</td>
        <td>Toronto, ON</td>
      </tr>
      <tr id="LC234" class="js-file-line">
        <td id="L234" class="blob-num js-line-number" data-line-number="234"></td>
        <td>233</td>
        <td>1st</td>
        <td>0</td>
        <td>Porter, Mr. Walter Chamberlain</td>
        <td>male</td>
        <td>47</td>
        <td>0</td>
        <td>0</td>
        <td>110465</td>
        <td>52</td>
        <td>C110</td>
        <td>Southampton</td>
        <td></td>
        <td>207</td>
        <td>Worcester, MA</td>
      </tr>
      <tr id="LC235" class="js-file-line">
        <td id="L235" class="blob-num js-line-number" data-line-number="235"></td>
        <td>234</td>
        <td>1st</td>
        <td>1</td>
        <td>Potter, Mrs. Thomas Jr (Lily Al</td>
        <td>female</td>
        <td>56</td>
        <td>0</td>
        <td>1</td>
        <td>11767</td>
        <td>83.1583023</td>
        <td>C50</td>
        <td>Cherbourg</td>
        <td>7</td>
        <td>NA</td>
        <td>Mt Airy, Philadelphia, PA</td>
      </tr>
      <tr id="LC236" class="js-file-line">
        <td id="L236" class="blob-num js-line-number" data-line-number="236"></td>
        <td>235</td>
        <td>1st</td>
        <td>0</td>
        <td>Reuchlin, Jonkheer. John George</td>
        <td>male</td>
        <td>38</td>
        <td>0</td>
        <td>0</td>
        <td>19972</td>
        <td>0</td>
        <td></td>
        <td>Southampton</td>
        <td></td>
        <td>NA</td>
        <td>Rotterdam, Netherlands</td>
      </tr>
      <tr id="LC237" class="js-file-line">
        <td id="L237" class="blob-num js-line-number" data-line-number="237"></td>
        <td>236</td>
        <td>1st</td>
        <td>1</td>
        <td>Rheims, Mr. George Alexander Lu</td>
        <td>male</td>
        <td>NA</td>
        <td>0</td>
        <td>0</td>
        <td>PC 17607</td>
        <td>39.5999985</td>
        <td></td>
        <td>Southampton</td>
        <td>A</td>
        <td>NA</td>
        <td>Paris /  New York, NY</td>
      </tr>
      <tr id="LC238" class="js-file-line">
        <td id="L238" class="blob-num js-line-number" data-line-number="238"></td>
        <td>237</td>
        <td>1st</td>
        <td>0</td>
        <td>Ringhini, Mr. Sante</td>
        <td>male</td>
        <td>22</td>
        <td>0</td>
        <td>0</td>
        <td>PC 17760</td>
        <td>135.633301</td>
        <td></td>
        <td>Cherbourg</td>
        <td></td>
        <td>232</td>
        <td></td>
      </tr>
      <tr id="LC239" class="js-file-line">
        <td id="L239" class="blob-num js-line-number" data-line-number="239"></td>
        <td>238</td>
        <td>1st</td>
        <td>0</td>
        <td>Robbins, Mr. Victor</td>
        <td>male</td>
        <td>NA</td>
        <td>0</td>
        <td>0</td>
        <td>PC 17757</td>
        <td>227.524994</td>
        <td></td>
        <td>Cherbourg</td>
        <td></td>
        <td>NA</td>
        <td></td>
      </tr>
      <tr id="LC240" class="js-file-line">
        <td id="L240" class="blob-num js-line-number" data-line-number="240"></td>
        <td>239</td>
        <td>1st</td>
        <td>1</td>
        <td>Robert, Mrs. Edward Scott (Elis</td>
        <td>female</td>
        <td>43</td>
        <td>0</td>
        <td>1</td>
        <td>24160</td>
        <td>211.337494</td>
        <td>B3</td>
        <td>Southampton</td>
        <td>2</td>
        <td>NA</td>
        <td>St Louis, MO</td>
      </tr>
      <tr id="LC241" class="js-file-line">
        <td id="L241" class="blob-num js-line-number" data-line-number="241"></td>
        <td>240</td>
        <td>1st</td>
        <td>0</td>
        <td>Roebling, Mr. Washington August</td>
        <td>male</td>
        <td>31</td>
        <td>0</td>
        <td>0</td>
        <td>PC 17590</td>
        <td>50.4958</td>
        <td>A24</td>
        <td>Southampton</td>
        <td></td>
        <td>NA</td>
        <td>Trenton, NJ</td>
      </tr>
      <tr id="LC242" class="js-file-line">
        <td id="L242" class="blob-num js-line-number" data-line-number="242"></td>
        <td>241</td>
        <td>1st</td>
        <td>1</td>
        <td>Romaine, Mr. Charles Hallace (\&quot;</td>
        <td>male</td>
        <td>45</td>
        <td>0</td>
        <td>0</td>
        <td>111428</td>
        <td>26.5499992</td>
        <td></td>
        <td>Southampton</td>
        <td>9</td>
        <td>NA</td>
        <td>New York, NY</td>
      </tr>
      <tr id="LC243" class="js-file-line">
        <td id="L243" class="blob-num js-line-number" data-line-number="243"></td>
        <td>242</td>
        <td>1st</td>
        <td>0</td>
        <td>Rood, Mr. Hugh Roscoe</td>
        <td>male</td>
        <td>NA</td>
        <td>0</td>
        <td>0</td>
        <td>113767</td>
        <td>50</td>
        <td>A32</td>
        <td>Southampton</td>
        <td></td>
        <td>NA</td>
        <td>Seattle, WA</td>
      </tr>
      <tr id="LC244" class="js-file-line">
        <td id="L244" class="blob-num js-line-number" data-line-number="244"></td>
        <td>243</td>
        <td>1st</td>
        <td>1</td>
        <td>Rosenbaum, Miss. Edith Louise</td>
        <td>female</td>
        <td>33</td>
        <td>0</td>
        <td>0</td>
        <td>PC 17613</td>
        <td>27.7208004</td>
        <td>A11</td>
        <td>Cherbourg</td>
        <td>11</td>
        <td>NA</td>
        <td>Paris, France</td>
      </tr>
      <tr id="LC245" class="js-file-line">
        <td id="L245" class="blob-num js-line-number" data-line-number="245"></td>
        <td>244</td>
        <td>1st</td>
        <td>0</td>
        <td>Rosenshine, Mr. George (\&quot;Mr Geo</td>
        <td>male</td>
        <td>46</td>
        <td>0</td>
        <td>0</td>
        <td>PC 17585</td>
        <td>79.1999969</td>
        <td></td>
        <td>Cherbourg</td>
        <td></td>
        <td>16</td>
        <td>New York, NY</td>
      </tr>
      <tr id="LC246" class="js-file-line">
        <td id="L246" class="blob-num js-line-number" data-line-number="246"></td>
        <td>245</td>
        <td>1st</td>
        <td>0</td>
        <td>Ross, Mr. John Hugo</td>
        <td>male</td>
        <td>36</td>
        <td>0</td>
        <td>0</td>
        <td>13049</td>
        <td>40.125</td>
        <td>A10</td>
        <td>Cherbourg</td>
        <td></td>
        <td>NA</td>
        <td>Winnipeg, MB</td>
      </tr>
      <tr id="LC247" class="js-file-line">
        <td id="L247" class="blob-num js-line-number" data-line-number="247"></td>
        <td>246</td>
        <td>1st</td>
        <td>1</td>
        <td>Rothes, the Countess. of (Lucy</td>
        <td>female</td>
        <td>33</td>
        <td>0</td>
        <td>0</td>
        <td>110152</td>
        <td>86.5</td>
        <td>B77</td>
        <td>Southampton</td>
        <td>8</td>
        <td>NA</td>
        <td>London  Vancouver, BC</td>
      </tr>
      <tr id="LC248" class="js-file-line">
        <td id="L248" class="blob-num js-line-number" data-line-number="248"></td>
        <td>247</td>
        <td>1st</td>
        <td>0</td>
        <td>Rothschild, Mr. Martin</td>
        <td>male</td>
        <td>55</td>
        <td>1</td>
        <td>0</td>
        <td>PC 17603</td>
        <td>59.4000015</td>
        <td></td>
        <td>Cherbourg</td>
        <td></td>
        <td>NA</td>
        <td>New York, NY</td>
      </tr>
      <tr id="LC249" class="js-file-line">
        <td id="L249" class="blob-num js-line-number" data-line-number="249"></td>
        <td>248</td>
        <td>1st</td>
        <td>1</td>
        <td>Rothschild, Mrs. Martin (Elizab</td>
        <td>female</td>
        <td>54</td>
        <td>1</td>
        <td>0</td>
        <td>PC 17603</td>
        <td>59.4000015</td>
        <td></td>
        <td>Cherbourg</td>
        <td>6</td>
        <td>NA</td>
        <td>New York, NY</td>
      </tr>
      <tr id="LC250" class="js-file-line">
        <td id="L250" class="blob-num js-line-number" data-line-number="250"></td>
        <td>249</td>
        <td>1st</td>
        <td>0</td>
        <td>Rowe, Mr. Alfred G</td>
        <td>male</td>
        <td>33</td>
        <td>0</td>
        <td>0</td>
        <td>113790</td>
        <td>26.5499992</td>
        <td></td>
        <td>Southampton</td>
        <td></td>
        <td>109</td>
        <td>London</td>
      </tr>
      <tr id="LC251" class="js-file-line">
        <td id="L251" class="blob-num js-line-number" data-line-number="251"></td>
        <td>250</td>
        <td>1st</td>
        <td>1</td>
        <td>Ryerson, Master. John Borie</td>
        <td>male</td>
        <td>13</td>
        <td>2</td>
        <td>2</td>
        <td>PC 17608</td>
        <td>262.375</td>
        <td>B57 B59 B63 B66</td>
        <td>Cherbourg</td>
        <td>4</td>
        <td>NA</td>
        <td>Haverford, PA / Cooperstown, NY</td>
      </tr>
      <tr id="LC252" class="js-file-line">
        <td id="L252" class="blob-num js-line-number" data-line-number="252"></td>
        <td>251</td>
        <td>1st</td>
        <td>1</td>
        <td>Ryerson, Miss. Emily Borie</td>
        <td>female</td>
        <td>18</td>
        <td>2</td>
        <td>2</td>
        <td>PC 17608</td>
        <td>262.375</td>
        <td>B57 B59 B63 B66</td>
        <td>Cherbourg</td>
        <td>4</td>
        <td>NA</td>
        <td>Haverford, PA / Cooperstown, NY</td>
      </tr>
      <tr id="LC253" class="js-file-line">
        <td id="L253" class="blob-num js-line-number" data-line-number="253"></td>
        <td>252</td>
        <td>1st</td>
        <td>1</td>
        <td>Ryerson, Miss. Susan Parker \&quot;Su</td>
        <td>female</td>
        <td>21</td>
        <td>2</td>
        <td>2</td>
        <td>PC 17608</td>
        <td>262.375</td>
        <td>B57 B59 B63 B66</td>
        <td>Cherbourg</td>
        <td>4</td>
        <td>NA</td>
        <td>Haverford, PA / Cooperstown, NY</td>
      </tr>
      <tr id="LC254" class="js-file-line">
        <td id="L254" class="blob-num js-line-number" data-line-number="254"></td>
        <td>253</td>
        <td>1st</td>
        <td>0</td>
        <td>Ryerson, Mr. Arthur Larned</td>
        <td>male</td>
        <td>61</td>
        <td>1</td>
        <td>3</td>
        <td>PC 17608</td>
        <td>262.375</td>
        <td>B57 B59 B63 B66</td>
        <td>Cherbourg</td>
        <td></td>
        <td>NA</td>
        <td>Haverford, PA / Cooperstown, NY</td>
      </tr>
      <tr id="LC255" class="js-file-line">
        <td id="L255" class="blob-num js-line-number" data-line-number="255"></td>
        <td>254</td>
        <td>1st</td>
        <td>1</td>
        <td>Ryerson, Mrs. Arthur Larned (Em</td>
        <td>female</td>
        <td>48</td>
        <td>1</td>
        <td>3</td>
        <td>PC 17608</td>
        <td>262.375</td>
        <td>B57 B59 B63 B66</td>
        <td>Cherbourg</td>
        <td>4</td>
        <td>NA</td>
        <td>Haverford, PA / Cooperstown, NY</td>
      </tr>
      <tr id="LC256" class="js-file-line">
        <td id="L256" class="blob-num js-line-number" data-line-number="256"></td>
        <td>255</td>
        <td>1st</td>
        <td>1</td>
        <td>Saalfeld, Mr. Adolphe</td>
        <td>male</td>
        <td>NA</td>
        <td>0</td>
        <td>0</td>
        <td>19988</td>
        <td>30.5</td>
        <td>C106</td>
        <td>Southampton</td>
        <td>3</td>
        <td>NA</td>
        <td>Manchester, England</td>
      </tr>
      <tr id="LC257" class="js-file-line">
        <td id="L257" class="blob-num js-line-number" data-line-number="257"></td>
        <td>256</td>
        <td>1st</td>
        <td>1</td>
        <td>Sagesser, Mlle. Emma</td>
        <td>female</td>
        <td>24</td>
        <td>0</td>
        <td>0</td>
        <td>PC 17477</td>
        <td>69.3000031</td>
        <td>B35</td>
        <td>Cherbourg</td>
        <td>9</td>
        <td>NA</td>
        <td></td>
      </tr>
      <tr id="LC258" class="js-file-line">
        <td id="L258" class="blob-num js-line-number" data-line-number="258"></td>
        <td>257</td>
        <td>1st</td>
        <td>1</td>
        <td>Salomon, Mr. Abraham L</td>
        <td>male</td>
        <td>NA</td>
        <td>0</td>
        <td>0</td>
        <td>111163</td>
        <td>26</td>
        <td></td>
        <td>Southampton</td>
        <td>1</td>
        <td>NA</td>
        <td>New York, NY</td>
      </tr>
      <tr id="LC259" class="js-file-line">
        <td id="L259" class="blob-num js-line-number" data-line-number="259"></td>
        <td>258</td>
        <td>1st</td>
        <td>1</td>
        <td>Schabert, Mrs. Paul (Emma Mock)</td>
        <td>female</td>
        <td>35</td>
        <td>1</td>
        <td>0</td>
        <td>13236</td>
        <td>57.75</td>
        <td>C28</td>
        <td>Cherbourg</td>
        <td>11</td>
        <td>NA</td>
        <td>New York, NY</td>
      </tr>
      <tr id="LC260" class="js-file-line">
        <td id="L260" class="blob-num js-line-number" data-line-number="260"></td>
        <td>259</td>
        <td>1st</td>
        <td>1</td>
        <td>Serepeca, Miss. Augusta</td>
        <td>female</td>
        <td>30</td>
        <td>0</td>
        <td>0</td>
        <td>113798</td>
        <td>31</td>
        <td></td>
        <td>Cherbourg</td>
        <td>4</td>
        <td>NA</td>
        <td></td>
      </tr>
      <tr id="LC261" class="js-file-line">
        <td id="L261" class="blob-num js-line-number" data-line-number="261"></td>
        <td>260</td>
        <td>1st</td>
        <td>1</td>
        <td>Seward, Mr. Frederic Kimber</td>
        <td>male</td>
        <td>34</td>
        <td>0</td>
        <td>0</td>
        <td>113794</td>
        <td>26.5499992</td>
        <td></td>
        <td>Southampton</td>
        <td>7</td>
        <td>NA</td>
        <td>New York, NY</td>
      </tr>
      <tr id="LC262" class="js-file-line">
        <td id="L262" class="blob-num js-line-number" data-line-number="262"></td>
        <td>261</td>
        <td>1st</td>
        <td>1</td>
        <td>Shutes, Miss. Elizabeth W</td>
        <td>female</td>
        <td>40</td>
        <td>0</td>
        <td>0</td>
        <td>PC 17582</td>
        <td>153.462494</td>
        <td>C125</td>
        <td>Southampton</td>
        <td>3</td>
        <td>NA</td>
        <td>New York, NY / Greenwich CT</td>
      </tr>
      <tr id="LC263" class="js-file-line">
        <td id="L263" class="blob-num js-line-number" data-line-number="263"></td>
        <td>262</td>
        <td>1st</td>
        <td>1</td>
        <td>Silverthorne, Mr. Spencer Victo</td>
        <td>male</td>
        <td>35</td>
        <td>0</td>
        <td>0</td>
        <td>PC 17475</td>
        <td>26.2875004</td>
        <td>E24</td>
        <td>Southampton</td>
        <td>5</td>
        <td>NA</td>
        <td>St Louis, MO</td>
      </tr>
      <tr id="LC264" class="js-file-line">
        <td id="L264" class="blob-num js-line-number" data-line-number="264"></td>
        <td>263</td>
        <td>1st</td>
        <td>0</td>
        <td>Silvey, Mr. William Baird</td>
        <td>male</td>
        <td>50</td>
        <td>1</td>
        <td>0</td>
        <td>13507</td>
        <td>55.9000015</td>
        <td>E44</td>
        <td>Southampton</td>
        <td></td>
        <td>NA</td>
        <td>Duluth, MN</td>
      </tr>
      <tr id="LC265" class="js-file-line">
        <td id="L265" class="blob-num js-line-number" data-line-number="265"></td>
        <td>264</td>
        <td>1st</td>
        <td>1</td>
        <td>Silvey, Mrs. William Baird (Ali</td>
        <td>female</td>
        <td>39</td>
        <td>1</td>
        <td>0</td>
        <td>13507</td>
        <td>55.9000015</td>
        <td>E44</td>
        <td>Southampton</td>
        <td>11</td>
        <td>NA</td>
        <td>Duluth, MN</td>
      </tr>
      <tr id="LC266" class="js-file-line">
        <td id="L266" class="blob-num js-line-number" data-line-number="266"></td>
        <td>265</td>
        <td>1st</td>
        <td>1</td>
        <td>Simonius-Blumer, Col. Oberst Al</td>
        <td>male</td>
        <td>56</td>
        <td>0</td>
        <td>0</td>
        <td>13213</td>
        <td>35.5</td>
        <td>A26</td>
        <td>Cherbourg</td>
        <td>3</td>
        <td>NA</td>
        <td>Basel, Switzerland</td>
      </tr>
      <tr id="LC267" class="js-file-line">
        <td id="L267" class="blob-num js-line-number" data-line-number="267"></td>
        <td>266</td>
        <td>1st</td>
        <td>1</td>
        <td>Sloper, Mr. William Thompson</td>
        <td>male</td>
        <td>28</td>
        <td>0</td>
        <td>0</td>
        <td>113788</td>
        <td>35.5</td>
        <td>A6</td>
        <td>Southampton</td>
        <td>7</td>
        <td>NA</td>
        <td>New Britain, CT</td>
      </tr>
      <tr id="LC268" class="js-file-line">
        <td id="L268" class="blob-num js-line-number" data-line-number="268"></td>
        <td>267</td>
        <td>1st</td>
        <td>0</td>
        <td>Smart, Mr. John Montgomery</td>
        <td>male</td>
        <td>56</td>
        <td>0</td>
        <td>0</td>
        <td>113792</td>
        <td>26.5499992</td>
        <td></td>
        <td>Southampton</td>
        <td></td>
        <td>NA</td>
        <td>New York, NY</td>
      </tr>
      <tr id="LC269" class="js-file-line">
        <td id="L269" class="blob-num js-line-number" data-line-number="269"></td>
        <td>268</td>
        <td>1st</td>
        <td>0</td>
        <td>Smith, Mr. James Clinch</td>
        <td>male</td>
        <td>56</td>
        <td>0</td>
        <td>0</td>
        <td>17764</td>
        <td>30.6958008</td>
        <td>A7</td>
        <td>Cherbourg</td>
        <td></td>
        <td>NA</td>
        <td>St James, Long Island, NY</td>
      </tr>
      <tr id="LC270" class="js-file-line">
        <td id="L270" class="blob-num js-line-number" data-line-number="270"></td>
        <td>269</td>
        <td>1st</td>
        <td>0</td>
        <td>Smith, Mr. Lucien Philip</td>
        <td>male</td>
        <td>24</td>
        <td>1</td>
        <td>0</td>
        <td>13695</td>
        <td>60</td>
        <td>C31</td>
        <td>Southampton</td>
        <td></td>
        <td>NA</td>
        <td>Huntington, WV</td>
      </tr>
      <tr id="LC271" class="js-file-line">
        <td id="L271" class="blob-num js-line-number" data-line-number="271"></td>
        <td>270</td>
        <td>1st</td>
        <td>0</td>
        <td>Smith, Mr. Richard William</td>
        <td>male</td>
        <td>NA</td>
        <td>0</td>
        <td>0</td>
        <td>113056</td>
        <td>26</td>
        <td>A19</td>
        <td>Southampton</td>
        <td></td>
        <td>NA</td>
        <td>Streatham, Surrey</td>
      </tr>
      <tr id="LC272" class="js-file-line">
        <td id="L272" class="blob-num js-line-number" data-line-number="272"></td>
        <td>271</td>
        <td>1st</td>
        <td>1</td>
        <td>Smith, Mrs. Lucien Philip (Mary</td>
        <td>female</td>
        <td>18</td>
        <td>1</td>
        <td>0</td>
        <td>13695</td>
        <td>60</td>
        <td>C31</td>
        <td>Southampton</td>
        <td>6</td>
        <td>NA</td>
        <td>Huntington, WV</td>
      </tr>
      <tr id="LC273" class="js-file-line">
        <td id="L273" class="blob-num js-line-number" data-line-number="273"></td>
        <td>272</td>
        <td>1st</td>
        <td>1</td>
        <td>Snyder, Mr. John Pillsbury</td>
        <td>male</td>
        <td>24</td>
        <td>1</td>
        <td>0</td>
        <td>21228</td>
        <td>82.2667007</td>
        <td>B45</td>
        <td>Southampton</td>
        <td>7</td>
        <td>NA</td>
        <td>Minneapolis, MN</td>
      </tr>
      <tr id="LC274" class="js-file-line">
        <td id="L274" class="blob-num js-line-number" data-line-number="274"></td>
        <td>273</td>
        <td>1st</td>
        <td>1</td>
        <td>Snyder, Mrs. John Pillsbury (Ne</td>
        <td>female</td>
        <td>23</td>
        <td>1</td>
        <td>0</td>
        <td>21228</td>
        <td>82.2667007</td>
        <td>B45</td>
        <td>Southampton</td>
        <td>7</td>
        <td>NA</td>
        <td>Minneapolis, MN</td>
      </tr>
      <tr id="LC275" class="js-file-line">
        <td id="L275" class="blob-num js-line-number" data-line-number="275"></td>
        <td>274</td>
        <td>1st</td>
        <td>1</td>
        <td>Spedden, Master. Robert Douglas</td>
        <td>male</td>
        <td>6</td>
        <td>0</td>
        <td>2</td>
        <td>16966</td>
        <td>134.5</td>
        <td>E34</td>
        <td>Cherbourg</td>
        <td>3</td>
        <td>NA</td>
        <td>Tuxedo Park, NY</td>
      </tr>
      <tr id="LC276" class="js-file-line">
        <td id="L276" class="blob-num js-line-number" data-line-number="276"></td>
        <td>275</td>
        <td>1st</td>
        <td>1</td>
        <td>Spedden, Mr. Frederic Oakley</td>
        <td>male</td>
        <td>45</td>
        <td>1</td>
        <td>1</td>
        <td>16966</td>
        <td>134.5</td>
        <td>E34</td>
        <td>Cherbourg</td>
        <td>3</td>
        <td>NA</td>
        <td>Tuxedo Park, NY</td>
      </tr>
      <tr id="LC277" class="js-file-line">
        <td id="L277" class="blob-num js-line-number" data-line-number="277"></td>
        <td>276</td>
        <td>1st</td>
        <td>1</td>
        <td>Spedden, Mrs. Frederic Oakley (</td>
        <td>female</td>
        <td>40</td>
        <td>1</td>
        <td>1</td>
        <td>16966</td>
        <td>134.5</td>
        <td>E34</td>
        <td>Cherbourg</td>
        <td>3</td>
        <td>NA</td>
        <td>Tuxedo Park, NY</td>
      </tr>
      <tr id="LC278" class="js-file-line">
        <td id="L278" class="blob-num js-line-number" data-line-number="278"></td>
        <td>277</td>
        <td>1st</td>
        <td>0</td>
        <td>Spencer, Mr. William Augustus</td>
        <td>male</td>
        <td>57</td>
        <td>1</td>
        <td>0</td>
        <td>PC 17569</td>
        <td>146.520798</td>
        <td>B78</td>
        <td>Cherbourg</td>
        <td></td>
        <td>NA</td>
        <td>Paris, France</td>
      </tr>
      <tr id="LC279" class="js-file-line">
        <td id="L279" class="blob-num js-line-number" data-line-number="279"></td>
        <td>278</td>
        <td>1st</td>
        <td>1</td>
        <td>Spencer, Mrs. William Augustus</td>
        <td>female</td>
        <td>NA</td>
        <td>1</td>
        <td>0</td>
        <td>PC 17569</td>
        <td>146.520798</td>
        <td>B78</td>
        <td>Cherbourg</td>
        <td>6</td>
        <td>NA</td>
        <td>Paris, France</td>
      </tr>
      <tr id="LC280" class="js-file-line">
        <td id="L280" class="blob-num js-line-number" data-line-number="280"></td>
        <td>279</td>
        <td>1st</td>
        <td>1</td>
        <td>Stahelin-Maeglin, Dr. Max</td>
        <td>male</td>
        <td>32</td>
        <td>0</td>
        <td>0</td>
        <td>13214</td>
        <td>30.5</td>
        <td>B50</td>
        <td>Cherbourg</td>
        <td>3</td>
        <td>NA</td>
        <td>Basel, Switzerland</td>
      </tr>
      <tr id="LC281" class="js-file-line">
        <td id="L281" class="blob-num js-line-number" data-line-number="281"></td>
        <td>280</td>
        <td>1st</td>
        <td>0</td>
        <td>Stead, Mr. William Thomas</td>
        <td>male</td>
        <td>62</td>
        <td>0</td>
        <td>0</td>
        <td>113514</td>
        <td>26.5499992</td>
        <td>C87</td>
        <td>Southampton</td>
        <td></td>
        <td>NA</td>
        <td>Wimbledon Park, London / Haylin</td>
      </tr>
      <tr id="LC282" class="js-file-line">
        <td id="L282" class="blob-num js-line-number" data-line-number="282"></td>
        <td>281</td>
        <td>1st</td>
        <td>1</td>
        <td>Stengel, Mr. Charles Emil Henry</td>
        <td>male</td>
        <td>54</td>
        <td>1</td>
        <td>0</td>
        <td>11778</td>
        <td>55.4417</td>
        <td>C116</td>
        <td>Cherbourg</td>
        <td>1</td>
        <td>NA</td>
        <td>Newark, NJ</td>
      </tr>
      <tr id="LC283" class="js-file-line">
        <td id="L283" class="blob-num js-line-number" data-line-number="283"></td>
        <td>282</td>
        <td>1st</td>
        <td>1</td>
        <td>Stengel, Mrs. Charles Emil Henr</td>
        <td>female</td>
        <td>43</td>
        <td>1</td>
        <td>0</td>
        <td>11778</td>
        <td>55.4417</td>
        <td>C116</td>
        <td>Cherbourg</td>
        <td>5</td>
        <td>NA</td>
        <td>Newark, NJ</td>
      </tr>
      <tr id="LC284" class="js-file-line">
        <td id="L284" class="blob-num js-line-number" data-line-number="284"></td>
        <td>283</td>
        <td>1st</td>
        <td>1</td>
        <td>Stephenson, Mrs. Walter Bertram</td>
        <td>female</td>
        <td>52</td>
        <td>1</td>
        <td>0</td>
        <td>36947</td>
        <td>78.2667007</td>
        <td>D20</td>
        <td>Cherbourg</td>
        <td>4</td>
        <td>NA</td>
        <td>Haverford, PA</td>
      </tr>
      <tr id="LC285" class="js-file-line">
        <td id="L285" class="blob-num js-line-number" data-line-number="285"></td>
        <td>284</td>
        <td>1st</td>
        <td>0</td>
        <td>Stewart, Mr. Albert A</td>
        <td>male</td>
        <td>NA</td>
        <td>0</td>
        <td>0</td>
        <td>PC 17605</td>
        <td>27.7208004</td>
        <td></td>
        <td>Cherbourg</td>
        <td></td>
        <td>NA</td>
        <td>Gallipolis, Ohio / ? Paris / Ne</td>
      </tr>
      <tr id="LC286" class="js-file-line">
        <td id="L286" class="blob-num js-line-number" data-line-number="286"></td>
        <td>285</td>
        <td>1st</td>
        <td>1</td>
        <td>Stone, Mrs. George Nelson (Mart</td>
        <td>female</td>
        <td>62</td>
        <td>0</td>
        <td>0</td>
        <td>113572</td>
        <td>80</td>
        <td>B28</td>
        <td>NA</td>
        <td>6</td>
        <td>NA</td>
        <td>Cincinatti, OH</td>
      </tr>
      <tr id="LC287" class="js-file-line">
        <td id="L287" class="blob-num js-line-number" data-line-number="287"></td>
        <td>286</td>
        <td>1st</td>
        <td>0</td>
        <td>Straus, Mr. Isidor</td>
        <td>male</td>
        <td>67</td>
        <td>1</td>
        <td>0</td>
        <td>PC 17483</td>
        <td>221.779205</td>
        <td>C55 C57</td>
        <td>Southampton</td>
        <td></td>
        <td>96</td>
        <td>New York, NY</td>
      </tr>
      <tr id="LC288" class="js-file-line">
        <td id="L288" class="blob-num js-line-number" data-line-number="288"></td>
        <td>287</td>
        <td>1st</td>
        <td>0</td>
        <td>Straus, Mrs. Isidor (Rosalie Id</td>
        <td>female</td>
        <td>63</td>
        <td>1</td>
        <td>0</td>
        <td>PC 17483</td>
        <td>221.779205</td>
        <td>C55 C57</td>
        <td>Southampton</td>
        <td></td>
        <td>NA</td>
        <td>New York, NY</td>
      </tr>
      <tr id="LC289" class="js-file-line">
        <td id="L289" class="blob-num js-line-number" data-line-number="289"></td>
        <td>288</td>
        <td>1st</td>
        <td>0</td>
        <td>Sutton, Mr. Frederick</td>
        <td>male</td>
        <td>61</td>
        <td>0</td>
        <td>0</td>
        <td>36963</td>
        <td>32.3208008</td>
        <td>D50</td>
        <td>Southampton</td>
        <td></td>
        <td>46</td>
        <td>Haddenfield, NJ</td>
      </tr>
      <tr id="LC290" class="js-file-line">
        <td id="L290" class="blob-num js-line-number" data-line-number="290"></td>
        <td>289</td>
        <td>1st</td>
        <td>1</td>
        <td>Swift, Mrs. Frederick Joel (Mar</td>
        <td>female</td>
        <td>48</td>
        <td>0</td>
        <td>0</td>
        <td>17466</td>
        <td>25.9291992</td>
        <td>D17</td>
        <td>Southampton</td>
        <td>8</td>
        <td>NA</td>
        <td>Brooklyn, NY</td>
      </tr>
      <tr id="LC291" class="js-file-line">
        <td id="L291" class="blob-num js-line-number" data-line-number="291"></td>
        <td>290</td>
        <td>1st</td>
        <td>1</td>
        <td>Taussig, Miss. Ruth</td>
        <td>female</td>
        <td>18</td>
        <td>0</td>
        <td>2</td>
        <td>110413</td>
        <td>79.6500015</td>
        <td>E68</td>
        <td>Southampton</td>
        <td>8</td>
        <td>NA</td>
        <td>New York, NY</td>
      </tr>
      <tr id="LC292" class="js-file-line">
        <td id="L292" class="blob-num js-line-number" data-line-number="292"></td>
        <td>291</td>
        <td>1st</td>
        <td>0</td>
        <td>Taussig, Mr. Emil</td>
        <td>male</td>
        <td>52</td>
        <td>1</td>
        <td>1</td>
        <td>110413</td>
        <td>79.6500015</td>
        <td>E67</td>
        <td>Southampton</td>
        <td></td>
        <td>NA</td>
        <td>New York, NY</td>
      </tr>
      <tr id="LC293" class="js-file-line">
        <td id="L293" class="blob-num js-line-number" data-line-number="293"></td>
        <td>292</td>
        <td>1st</td>
        <td>1</td>
        <td>Taussig, Mrs. Emil (Tillie Mand</td>
        <td>female</td>
        <td>39</td>
        <td>1</td>
        <td>1</td>
        <td>110413</td>
        <td>79.6500015</td>
        <td>E67</td>
        <td>Southampton</td>
        <td>8</td>
        <td>NA</td>
        <td>New York, NY</td>
      </tr>
      <tr id="LC294" class="js-file-line">
        <td id="L294" class="blob-num js-line-number" data-line-number="294"></td>
        <td>293</td>
        <td>1st</td>
        <td>1</td>
        <td>Taylor, Mr. Elmer Zebley</td>
        <td>male</td>
        <td>48</td>
        <td>1</td>
        <td>0</td>
        <td>19996</td>
        <td>52</td>
        <td>C126</td>
        <td>Southampton</td>
        <td>5 7</td>
        <td>NA</td>
        <td>London /  East Orange, NJ</td>
      </tr>
      <tr id="LC295" class="js-file-line">
        <td id="L295" class="blob-num js-line-number" data-line-number="295"></td>
        <td>294</td>
        <td>1st</td>
        <td>1</td>
        <td>Taylor, Mrs. Elmer Zebley (Juli</td>
        <td>female</td>
        <td>NA</td>
        <td>1</td>
        <td>0</td>
        <td>19996</td>
        <td>52</td>
        <td>C126</td>
        <td>Southampton</td>
        <td>5 7</td>
        <td>NA</td>
        <td>London /  East Orange, NJ</td>
      </tr>
      <tr id="LC296" class="js-file-line">
        <td id="L296" class="blob-num js-line-number" data-line-number="296"></td>
        <td>295</td>
        <td>1st</td>
        <td>0</td>
        <td>Thayer, Mr. John Borland</td>
        <td>male</td>
        <td>49</td>
        <td>1</td>
        <td>1</td>
        <td>17421</td>
        <td>110.883301</td>
        <td>C68</td>
        <td>Cherbourg</td>
        <td></td>
        <td>NA</td>
        <td>Haverford, PA</td>
      </tr>
      <tr id="LC297" class="js-file-line">
        <td id="L297" class="blob-num js-line-number" data-line-number="297"></td>
        <td>296</td>
        <td>1st</td>
        <td>1</td>
        <td>Thayer, Mr. John Borland Jr</td>
        <td>male</td>
        <td>17</td>
        <td>0</td>
        <td>2</td>
        <td>17421</td>
        <td>110.883301</td>
        <td>C70</td>
        <td>Cherbourg</td>
        <td>B</td>
        <td>NA</td>
        <td>Haverford, PA</td>
      </tr>
      <tr id="LC298" class="js-file-line">
        <td id="L298" class="blob-num js-line-number" data-line-number="298"></td>
        <td>297</td>
        <td>1st</td>
        <td>1</td>
        <td>Thayer, Mrs. John Borland (Mari</td>
        <td>female</td>
        <td>39</td>
        <td>1</td>
        <td>1</td>
        <td>17421</td>
        <td>110.883301</td>
        <td>C68</td>
        <td>Cherbourg</td>
        <td>4</td>
        <td>NA</td>
        <td>Haverford, PA</td>
      </tr>
      <tr id="LC299" class="js-file-line">
        <td id="L299" class="blob-num js-line-number" data-line-number="299"></td>
        <td>298</td>
        <td>1st</td>
        <td>1</td>
        <td>Thorne, Mrs. Gertrude Maybelle</td>
        <td>female</td>
        <td>NA</td>
        <td>0</td>
        <td>0</td>
        <td>PC 17585</td>
        <td>79.1999969</td>
        <td></td>
        <td>Cherbourg</td>
        <td>D</td>
        <td>NA</td>
        <td>New York, NY</td>
      </tr>
      <tr id="LC300" class="js-file-line">
        <td id="L300" class="blob-num js-line-number" data-line-number="300"></td>
        <td>299</td>
        <td>1st</td>
        <td>1</td>
        <td>Tucker, Mr. Gilbert Milligan Jr</td>
        <td>male</td>
        <td>31</td>
        <td>0</td>
        <td>0</td>
        <td>2543</td>
        <td>28.5375004</td>
        <td>C53</td>
        <td>Cherbourg</td>
        <td>7</td>
        <td>NA</td>
        <td>Albany, NY</td>
      </tr>
      <tr id="LC301" class="js-file-line">
        <td id="L301" class="blob-num js-line-number" data-line-number="301"></td>
        <td>300</td>
        <td>1st</td>
        <td>0</td>
        <td>Uruchurtu, Don. Manuel E</td>
        <td>male</td>
        <td>40</td>
        <td>0</td>
        <td>0</td>
        <td>PC 17601</td>
        <td>27.7208004</td>
        <td></td>
        <td>Cherbourg</td>
        <td></td>
        <td>NA</td>
        <td>Mexico City, Mexico</td>
      </tr>
      <tr id="LC302" class="js-file-line">
        <td id="L302" class="blob-num js-line-number" data-line-number="302"></td>
        <td>301</td>
        <td>1st</td>
        <td>0</td>
        <td>Van der hoef, Mr. Wyckoff</td>
        <td>male</td>
        <td>61</td>
        <td>0</td>
        <td>0</td>
        <td>111240</td>
        <td>33.5</td>
        <td>B19</td>
        <td>Southampton</td>
        <td></td>
        <td>245</td>
        <td>Brooklyn, NY</td>
      </tr>
      <tr id="LC303" class="js-file-line">
        <td id="L303" class="blob-num js-line-number" data-line-number="303"></td>
        <td>302</td>
        <td>1st</td>
        <td>0</td>
        <td>Walker, Mr. William Anderson</td>
        <td>male</td>
        <td>47</td>
        <td>0</td>
        <td>0</td>
        <td>36967</td>
        <td>34.0208015</td>
        <td>D46</td>
        <td>Southampton</td>
        <td></td>
        <td>NA</td>
        <td>East Orange, NJ</td>
      </tr>
      <tr id="LC304" class="js-file-line">
        <td id="L304" class="blob-num js-line-number" data-line-number="304"></td>
        <td>303</td>
        <td>1st</td>
        <td>1</td>
        <td>Ward, Miss. Anna</td>
        <td>female</td>
        <td>35</td>
        <td>0</td>
        <td>0</td>
        <td>PC 17755</td>
        <td>512.329224</td>
        <td></td>
        <td>Cherbourg</td>
        <td>3</td>
        <td>NA</td>
        <td></td>
      </tr>
      <tr id="LC305" class="js-file-line">
        <td id="L305" class="blob-num js-line-number" data-line-number="305"></td>
        <td>304</td>
        <td>1st</td>
        <td>0</td>
        <td>Warren, Mr. Frank Manley</td>
        <td>male</td>
        <td>64</td>
        <td>1</td>
        <td>0</td>
        <td>110813</td>
        <td>75.25</td>
        <td>D37</td>
        <td>Cherbourg</td>
        <td></td>
        <td>NA</td>
        <td>Portland, OR</td>
      </tr>
      <tr id="LC306" class="js-file-line">
        <td id="L306" class="blob-num js-line-number" data-line-number="306"></td>
        <td>305</td>
        <td>1st</td>
        <td>1</td>
        <td>Warren, Mrs. Frank Manley (Anna</td>
        <td>female</td>
        <td>60</td>
        <td>1</td>
        <td>0</td>
        <td>110813</td>
        <td>75.25</td>
        <td>D37</td>
        <td>Cherbourg</td>
        <td>5</td>
        <td>NA</td>
        <td>Portland, OR</td>
      </tr>
      <tr id="LC307" class="js-file-line">
        <td id="L307" class="blob-num js-line-number" data-line-number="307"></td>
        <td>306</td>
        <td>1st</td>
        <td>0</td>
        <td>Weir, Col. John</td>
        <td>male</td>
        <td>60</td>
        <td>0</td>
        <td>0</td>
        <td>113800</td>
        <td>26.5499992</td>
        <td></td>
        <td>Southampton</td>
        <td></td>
        <td>NA</td>
        <td>England Salt Lake City, Utah</td>
      </tr>
      <tr id="LC308" class="js-file-line">
        <td id="L308" class="blob-num js-line-number" data-line-number="308"></td>
        <td>307</td>
        <td>1st</td>
        <td>0</td>
        <td>White, Mr. Percival Wayland</td>
        <td>male</td>
        <td>54</td>
        <td>0</td>
        <td>1</td>
        <td>35281</td>
        <td>77.2874985</td>
        <td>D26</td>
        <td>Southampton</td>
        <td></td>
        <td>NA</td>
        <td>Brunswick, ME</td>
      </tr>
      <tr id="LC309" class="js-file-line">
        <td id="L309" class="blob-num js-line-number" data-line-number="309"></td>
        <td>308</td>
        <td>1st</td>
        <td>0</td>
        <td>White, Mr. Richard Frasar</td>
        <td>male</td>
        <td>21</td>
        <td>0</td>
        <td>1</td>
        <td>35281</td>
        <td>77.2874985</td>
        <td>D26</td>
        <td>Southampton</td>
        <td></td>
        <td>169</td>
        <td>Brunswick, ME</td>
      </tr>
      <tr id="LC310" class="js-file-line">
        <td id="L310" class="blob-num js-line-number" data-line-number="310"></td>
        <td>309</td>
        <td>1st</td>
        <td>1</td>
        <td>White, Mrs. John Stuart (Ella H</td>
        <td>female</td>
        <td>55</td>
        <td>0</td>
        <td>0</td>
        <td>PC 17760</td>
        <td>135.633301</td>
        <td>C32</td>
        <td>Cherbourg</td>
        <td>8</td>
        <td>NA</td>
        <td>New York, NY / Briarcliff Manor</td>
      </tr>
      <tr id="LC311" class="js-file-line">
        <td id="L311" class="blob-num js-line-number" data-line-number="311"></td>
        <td>310</td>
        <td>1st</td>
        <td>1</td>
        <td>Wick, Miss. Mary Natalie</td>
        <td>female</td>
        <td>31</td>
        <td>0</td>
        <td>2</td>
        <td>36928</td>
        <td>164.866699</td>
        <td>C7</td>
        <td>Southampton</td>
        <td>8</td>
        <td>NA</td>
        <td>Youngstown, OH</td>
      </tr>
      <tr id="LC312" class="js-file-line">
        <td id="L312" class="blob-num js-line-number" data-line-number="312"></td>
        <td>311</td>
        <td>1st</td>
        <td>0</td>
        <td>Wick, Mr. George Dennick</td>
        <td>male</td>
        <td>57</td>
        <td>1</td>
        <td>1</td>
        <td>36928</td>
        <td>164.866699</td>
        <td></td>
        <td>Southampton</td>
        <td></td>
        <td>NA</td>
        <td>Youngstown, OH</td>
      </tr>
      <tr id="LC313" class="js-file-line">
        <td id="L313" class="blob-num js-line-number" data-line-number="313"></td>
        <td>312</td>
        <td>1st</td>
        <td>1</td>
        <td>Wick, Mrs. George Dennick (Mary</td>
        <td>female</td>
        <td>45</td>
        <td>1</td>
        <td>1</td>
        <td>36928</td>
        <td>164.866699</td>
        <td></td>
        <td>Southampton</td>
        <td>8</td>
        <td>NA</td>
        <td>Youngstown, OH</td>
      </tr>
      <tr id="LC314" class="js-file-line">
        <td id="L314" class="blob-num js-line-number" data-line-number="314"></td>
        <td>313</td>
        <td>1st</td>
        <td>0</td>
        <td>Widener, Mr. George Dunton</td>
        <td>male</td>
        <td>50</td>
        <td>1</td>
        <td>1</td>
        <td>113503</td>
        <td>211.5</td>
        <td>C80</td>
        <td>Cherbourg</td>
        <td></td>
        <td>NA</td>
        <td>Elkins Park, PA</td>
      </tr>
      <tr id="LC315" class="js-file-line">
        <td id="L315" class="blob-num js-line-number" data-line-number="315"></td>
        <td>314</td>
        <td>1st</td>
        <td>0</td>
        <td>Widener, Mr. Harry Elkins</td>
        <td>male</td>
        <td>27</td>
        <td>0</td>
        <td>2</td>
        <td>113503</td>
        <td>211.5</td>
        <td>C82</td>
        <td>Cherbourg</td>
        <td></td>
        <td>NA</td>
        <td>Elkins Park, PA</td>
      </tr>
      <tr id="LC316" class="js-file-line">
        <td id="L316" class="blob-num js-line-number" data-line-number="316"></td>
        <td>315</td>
        <td>1st</td>
        <td>1</td>
        <td>Widener, Mrs. George Dunton (El</td>
        <td>female</td>
        <td>50</td>
        <td>1</td>
        <td>1</td>
        <td>113503</td>
        <td>211.5</td>
        <td>C80</td>
        <td>Cherbourg</td>
        <td>4</td>
        <td>NA</td>
        <td>Elkins Park, PA</td>
      </tr>
      <tr id="LC317" class="js-file-line">
        <td id="L317" class="blob-num js-line-number" data-line-number="317"></td>
        <td>316</td>
        <td>1st</td>
        <td>1</td>
        <td>Willard, Miss. Constance</td>
        <td>female</td>
        <td>21</td>
        <td>0</td>
        <td>0</td>
        <td>113795</td>
        <td>26.5499992</td>
        <td></td>
        <td>Southampton</td>
        <td>8 10</td>
        <td>NA</td>
        <td>Duluth, MN</td>
      </tr>
      <tr id="LC318" class="js-file-line">
        <td id="L318" class="blob-num js-line-number" data-line-number="318"></td>
        <td>317</td>
        <td>1st</td>
        <td>0</td>
        <td>Williams, Mr. Charles Duane</td>
        <td>male</td>
        <td>51</td>
        <td>0</td>
        <td>1</td>
        <td>PC 17597</td>
        <td>61.3792</td>
        <td></td>
        <td>Cherbourg</td>
        <td></td>
        <td>NA</td>
        <td>Geneva, Switzerland / Radnor, P</td>
      </tr>
      <tr id="LC319" class="js-file-line">
        <td id="L319" class="blob-num js-line-number" data-line-number="319"></td>
        <td>318</td>
        <td>1st</td>
        <td>1</td>
        <td>Williams, Mr. Richard Norris II</td>
        <td>male</td>
        <td>21</td>
        <td>0</td>
        <td>1</td>
        <td>PC 17597</td>
        <td>61.3792</td>
        <td></td>
        <td>Cherbourg</td>
        <td>A</td>
        <td>NA</td>
        <td>Geneva, Switzerland / Radnor, P</td>
      </tr>
      <tr id="LC320" class="js-file-line">
        <td id="L320" class="blob-num js-line-number" data-line-number="320"></td>
        <td>319</td>
        <td>1st</td>
        <td>0</td>
        <td>Williams-Lambert, Mr. Fletcher</td>
        <td>male</td>
        <td>NA</td>
        <td>0</td>
        <td>0</td>
        <td>113510</td>
        <td>35</td>
        <td>C128</td>
        <td>Southampton</td>
        <td></td>
        <td>NA</td>
        <td>London, England</td>
      </tr>
      <tr id="LC321" class="js-file-line">
        <td id="L321" class="blob-num js-line-number" data-line-number="321"></td>
        <td>320</td>
        <td>1st</td>
        <td>1</td>
        <td>Wilson, Miss. Helen Alice</td>
        <td>female</td>
        <td>31</td>
        <td>0</td>
        <td>0</td>
        <td>16966</td>
        <td>134.5</td>
        <td>E39 E41</td>
        <td>Cherbourg</td>
        <td>3</td>
        <td>NA</td>
        <td></td>
      </tr>
      <tr id="LC322" class="js-file-line">
        <td id="L322" class="blob-num js-line-number" data-line-number="322"></td>
        <td>321</td>
        <td>1st</td>
        <td>1</td>
        <td>Woolner, Mr. Hugh</td>
        <td>male</td>
        <td>NA</td>
        <td>0</td>
        <td>0</td>
        <td>19947</td>
        <td>35.5</td>
        <td>C52</td>
        <td>Southampton</td>
        <td>D</td>
        <td>NA</td>
        <td>London, England</td>
      </tr>
      <tr id="LC323" class="js-file-line">
        <td id="L323" class="blob-num js-line-number" data-line-number="323"></td>
        <td>322</td>
        <td>1st</td>
        <td>0</td>
        <td>Wright, Mr. George</td>
        <td>male</td>
        <td>62</td>
        <td>0</td>
        <td>0</td>
        <td>113807</td>
        <td>26.5499992</td>
        <td></td>
        <td>Southampton</td>
        <td></td>
        <td>NA</td>
        <td>Halifax, NS</td>
      </tr>
      <tr id="LC324" class="js-file-line">
        <td id="L324" class="blob-num js-line-number" data-line-number="324"></td>
        <td>323</td>
        <td>1st</td>
        <td>1</td>
        <td>Young, Miss. Marie Grice</td>
        <td>female</td>
        <td>36</td>
        <td>0</td>
        <td>0</td>
        <td>PC 17760</td>
        <td>135.633301</td>
        <td>C32</td>
        <td>Cherbourg</td>
        <td>8</td>
        <td>NA</td>
        <td>New York, NY / Washington, DC</td>
      </tr>
      <tr id="LC325" class="js-file-line">
        <td id="L325" class="blob-num js-line-number" data-line-number="325"></td>
        <td>324</td>
        <td>2nd</td>
        <td>0</td>
        <td>Abelson, Mr. Samuel</td>
        <td>male</td>
        <td>30</td>
        <td>1</td>
        <td>0</td>
        <td>P/PP 3381</td>
        <td>24</td>
        <td></td>
        <td>Cherbourg</td>
        <td></td>
        <td>NA</td>
        <td>Russia New York, NY</td>
      </tr>
      <tr id="LC326" class="js-file-line">
        <td id="L326" class="blob-num js-line-number" data-line-number="326"></td>
        <td>325</td>
        <td>2nd</td>
        <td>1</td>
        <td>Abelson, Mrs. Samuel (Hannah Wi</td>
        <td>female</td>
        <td>28</td>
        <td>1</td>
        <td>0</td>
        <td>P/PP 3381</td>
        <td>24</td>
        <td></td>
        <td>Cherbourg</td>
        <td>10</td>
        <td>NA</td>
        <td>Russia New York, NY</td>
      </tr>
      <tr id="LC327" class="js-file-line">
        <td id="L327" class="blob-num js-line-number" data-line-number="327"></td>
        <td>326</td>
        <td>2nd</td>
        <td>0</td>
        <td>Aldworth, Mr. Charles Augustus</td>
        <td>male</td>
        <td>30</td>
        <td>0</td>
        <td>0</td>
        <td>248744</td>
        <td>13</td>
        <td></td>
        <td>Southampton</td>
        <td></td>
        <td>NA</td>
        <td>Bryn Mawr, PA, USA</td>
      </tr>
      <tr id="LC328" class="js-file-line">
        <td id="L328" class="blob-num js-line-number" data-line-number="328"></td>
        <td>327</td>
        <td>2nd</td>
        <td>0</td>
        <td>Andrew, Mr. Edgardo Samuel</td>
        <td>male</td>
        <td>18</td>
        <td>0</td>
        <td>0</td>
        <td>231945</td>
        <td>11.5</td>
        <td></td>
        <td>Southampton</td>
        <td></td>
        <td>NA</td>
        <td>Buenos Aires, Argentina / New J</td>
      </tr>
      <tr id="LC329" class="js-file-line">
        <td id="L329" class="blob-num js-line-number" data-line-number="329"></td>
        <td>328</td>
        <td>2nd</td>
        <td>0</td>
        <td>Andrew, Mr. Frank Thomas</td>
        <td>male</td>
        <td>25</td>
        <td>0</td>
        <td>0</td>
        <td>C.A. 34050</td>
        <td>10.5</td>
        <td></td>
        <td>Southampton</td>
        <td></td>
        <td>NA</td>
        <td>Cornwall, England Houghton, MI</td>
      </tr>
      <tr id="LC330" class="js-file-line">
        <td id="L330" class="blob-num js-line-number" data-line-number="330"></td>
        <td>329</td>
        <td>2nd</td>
        <td>0</td>
        <td>Angle, Mr. William A</td>
        <td>male</td>
        <td>34</td>
        <td>1</td>
        <td>0</td>
        <td>226875</td>
        <td>26</td>
        <td></td>
        <td>Southampton</td>
        <td></td>
        <td>NA</td>
        <td>Warwick, England</td>
      </tr>
      <tr id="LC331" class="js-file-line">
        <td id="L331" class="blob-num js-line-number" data-line-number="331"></td>
        <td>330</td>
        <td>2nd</td>
        <td>1</td>
        <td>Angle, Mrs. William A (Florence</td>
        <td>female</td>
        <td>36</td>
        <td>1</td>
        <td>0</td>
        <td>226875</td>
        <td>26</td>
        <td></td>
        <td>Southampton</td>
        <td>11</td>
        <td>NA</td>
        <td>Warwick, England</td>
      </tr>
      <tr id="LC332" class="js-file-line">
        <td id="L332" class="blob-num js-line-number" data-line-number="332"></td>
        <td>331</td>
        <td>2nd</td>
        <td>0</td>
        <td>Ashby, Mr. John</td>
        <td>male</td>
        <td>57</td>
        <td>0</td>
        <td>0</td>
        <td>244346</td>
        <td>13</td>
        <td></td>
        <td>Southampton</td>
        <td></td>
        <td>NA</td>
        <td>West Hoboken, NJ</td>
      </tr>
      <tr id="LC333" class="js-file-line">
        <td id="L333" class="blob-num js-line-number" data-line-number="333"></td>
        <td>332</td>
        <td>2nd</td>
        <td>0</td>
        <td>Bailey, Mr. Percy Andrew</td>
        <td>male</td>
        <td>18</td>
        <td>0</td>
        <td>0</td>
        <td>29108</td>
        <td>11.5</td>
        <td></td>
        <td>Southampton</td>
        <td></td>
        <td>NA</td>
        <td>Penzance, Cornwall / Akron, OH</td>
      </tr>
      <tr id="LC334" class="js-file-line">
        <td id="L334" class="blob-num js-line-number" data-line-number="334"></td>
        <td>333</td>
        <td>2nd</td>
        <td>0</td>
        <td>Baimbrigge, Mr. Charles Robert</td>
        <td>male</td>
        <td>23</td>
        <td>0</td>
        <td>0</td>
        <td>C.A. 31030</td>
        <td>10.5</td>
        <td></td>
        <td>Southampton</td>
        <td></td>
        <td>NA</td>
        <td>Guernsey</td>
      </tr>
      <tr id="LC335" class="js-file-line">
        <td id="L335" class="blob-num js-line-number" data-line-number="335"></td>
        <td>334</td>
        <td>2nd</td>
        <td>1</td>
        <td>Ball, Mrs. (Ada E Hall)</td>
        <td>female</td>
        <td>36</td>
        <td>0</td>
        <td>0</td>
        <td>28551</td>
        <td>13</td>
        <td>D</td>
        <td>Southampton</td>
        <td>10</td>
        <td>NA</td>
        <td>Bristol, Avon / Jacksonville, F</td>
      </tr>
      <tr id="LC336" class="js-file-line">
        <td id="L336" class="blob-num js-line-number" data-line-number="336"></td>
        <td>335</td>
        <td>2nd</td>
        <td>0</td>
        <td>Banfield, Mr. Frederick James</td>
        <td>male</td>
        <td>28</td>
        <td>0</td>
        <td>0</td>
        <td>C.A./SOTON 34068</td>
        <td>10.5</td>
        <td></td>
        <td>Southampton</td>
        <td></td>
        <td>NA</td>
        <td>Plymouth, Dorset / Houghton, MI</td>
      </tr>
      <tr id="LC337" class="js-file-line">
        <td id="L337" class="blob-num js-line-number" data-line-number="337"></td>
        <td>336</td>
        <td>2nd</td>
        <td>0</td>
        <td>Bateman, Rev. Robert James</td>
        <td>male</td>
        <td>51</td>
        <td>0</td>
        <td>0</td>
        <td>S.O.P. 1166</td>
        <td>12.5249996</td>
        <td></td>
        <td>Southampton</td>
        <td></td>
        <td>174</td>
        <td>Jacksonville, FL</td>
      </tr>
      <tr id="LC338" class="js-file-line">
        <td id="L338" class="blob-num js-line-number" data-line-number="338"></td>
        <td>337</td>
        <td>2nd</td>
        <td>1</td>
        <td>Beane, Mr. Edward</td>
        <td>male</td>
        <td>32</td>
        <td>1</td>
        <td>0</td>
        <td>2908</td>
        <td>26</td>
        <td></td>
        <td>Southampton</td>
        <td>13</td>
        <td>NA</td>
        <td>Norwich / New York, NY</td>
      </tr>
      <tr id="LC339" class="js-file-line">
        <td id="L339" class="blob-num js-line-number" data-line-number="339"></td>
        <td>338</td>
        <td>2nd</td>
        <td>1</td>
        <td>Beane, Mrs. Edward (Ethel Clark</td>
        <td>female</td>
        <td>19</td>
        <td>1</td>
        <td>0</td>
        <td>2908</td>
        <td>26</td>
        <td></td>
        <td>Southampton</td>
        <td>13</td>
        <td>NA</td>
        <td>Norwich / New York, NY</td>
      </tr>
      <tr id="LC340" class="js-file-line">
        <td id="L340" class="blob-num js-line-number" data-line-number="340"></td>
        <td>339</td>
        <td>2nd</td>
        <td>0</td>
        <td>Beauchamp, Mr. Henry James</td>
        <td>male</td>
        <td>28</td>
        <td>0</td>
        <td>0</td>
        <td>244358</td>
        <td>26</td>
        <td></td>
        <td>Southampton</td>
        <td></td>
        <td>NA</td>
        <td>England</td>
      </tr>
      <tr id="LC341" class="js-file-line">
        <td id="L341" class="blob-num js-line-number" data-line-number="341"></td>
        <td>340</td>
        <td>2nd</td>
        <td>1</td>
        <td>Becker, Master. Richard F</td>
        <td>male</td>
        <td>1</td>
        <td>2</td>
        <td>1</td>
        <td>230136</td>
        <td>39</td>
        <td>F4</td>
        <td>Southampton</td>
        <td>11</td>
        <td>NA</td>
        <td>Guntur, India / Benton Harbour,</td>
      </tr>
      <tr id="LC342" class="js-file-line">
        <td id="L342" class="blob-num js-line-number" data-line-number="342"></td>
        <td>341</td>
        <td>2nd</td>
        <td>1</td>
        <td>Becker, Miss. Marion Louise</td>
        <td>female</td>
        <td>4</td>
        <td>2</td>
        <td>1</td>
        <td>230136</td>
        <td>39</td>
        <td>F4</td>
        <td>Southampton</td>
        <td>11</td>
        <td>NA</td>
        <td>Guntur, India / Benton Harbour,</td>
      </tr>
      <tr id="LC343" class="js-file-line">
        <td id="L343" class="blob-num js-line-number" data-line-number="343"></td>
        <td>342</td>
        <td>2nd</td>
        <td>1</td>
        <td>Becker, Miss. Ruth Elizabeth</td>
        <td>female</td>
        <td>12</td>
        <td>2</td>
        <td>1</td>
        <td>230136</td>
        <td>39</td>
        <td>F4</td>
        <td>Southampton</td>
        <td>13</td>
        <td>NA</td>
        <td>Guntur, India / Benton Harbour,</td>
      </tr>
      <tr id="LC344" class="js-file-line">
        <td id="L344" class="blob-num js-line-number" data-line-number="344"></td>
        <td>343</td>
        <td>2nd</td>
        <td>1</td>
        <td>Becker, Mrs. Allen Oliver (Nell</td>
        <td>female</td>
        <td>36</td>
        <td>0</td>
        <td>3</td>
        <td>230136</td>
        <td>39</td>
        <td>F4</td>
        <td>Southampton</td>
        <td>11</td>
        <td>NA</td>
        <td>Guntur, India / Benton Harbour,</td>
      </tr>
      <tr id="LC345" class="js-file-line">
        <td id="L345" class="blob-num js-line-number" data-line-number="345"></td>
        <td>344</td>
        <td>2nd</td>
        <td>1</td>
        <td>Beesley, Mr. Lawrence</td>
        <td>male</td>
        <td>34</td>
        <td>0</td>
        <td>0</td>
        <td>248698</td>
        <td>13</td>
        <td>D56</td>
        <td>Southampton</td>
        <td>13</td>
        <td>NA</td>
        <td>London</td>
      </tr>
      <tr id="LC346" class="js-file-line">
        <td id="L346" class="blob-num js-line-number" data-line-number="346"></td>
        <td>345</td>
        <td>2nd</td>
        <td>1</td>
        <td>Bentham, Miss. Lilian W</td>
        <td>female</td>
        <td>19</td>
        <td>0</td>
        <td>0</td>
        <td>28404</td>
        <td>13</td>
        <td></td>
        <td>Southampton</td>
        <td>12</td>
        <td>NA</td>
        <td>Rochester, NY</td>
      </tr>
      <tr id="LC347" class="js-file-line">
        <td id="L347" class="blob-num js-line-number" data-line-number="347"></td>
        <td>346</td>
        <td>2nd</td>
        <td>0</td>
        <td>Berriman, Mr. William John</td>
        <td>male</td>
        <td>23</td>
        <td>0</td>
        <td>0</td>
        <td>28425</td>
        <td>13</td>
        <td></td>
        <td>Southampton</td>
        <td></td>
        <td>NA</td>
        <td>St Ives, Cornwall / Calumet, MI</td>
      </tr>
      <tr id="LC348" class="js-file-line">
        <td id="L348" class="blob-num js-line-number" data-line-number="348"></td>
        <td>347</td>
        <td>2nd</td>
        <td>0</td>
        <td>Botsford, Mr. William Hull</td>
        <td>male</td>
        <td>26</td>
        <td>0</td>
        <td>0</td>
        <td>237670</td>
        <td>13</td>
        <td></td>
        <td>Southampton</td>
        <td></td>
        <td>NA</td>
        <td>Elmira, NY / Orange, NJ</td>
      </tr>
      <tr id="LC349" class="js-file-line">
        <td id="L349" class="blob-num js-line-number" data-line-number="349"></td>
        <td>348</td>
        <td>2nd</td>
        <td>0</td>
        <td>Bowenur, Mr. Solomon</td>
        <td>male</td>
        <td>42</td>
        <td>0</td>
        <td>0</td>
        <td>211535</td>
        <td>13</td>
        <td></td>
        <td>Southampton</td>
        <td></td>
        <td>NA</td>
        <td>London</td>
      </tr>
      <tr id="LC350" class="js-file-line">
        <td id="L350" class="blob-num js-line-number" data-line-number="350"></td>
        <td>349</td>
        <td>2nd</td>
        <td>0</td>
        <td>Bracken, Mr. James H</td>
        <td>male</td>
        <td>27</td>
        <td>0</td>
        <td>0</td>
        <td>220367</td>
        <td>13</td>
        <td></td>
        <td>Southampton</td>
        <td></td>
        <td>NA</td>
        <td>Lake Arthur, Chavez County, NM</td>
      </tr>
      <tr id="LC351" class="js-file-line">
        <td id="L351" class="blob-num js-line-number" data-line-number="351"></td>
        <td>350</td>
        <td>2nd</td>
        <td>1</td>
        <td>Brown, Miss. Amelia \&quot;Mildred\&quot;</td>
        <td>female</td>
        <td>24</td>
        <td>0</td>
        <td>0</td>
        <td>248733</td>
        <td>13</td>
        <td>F33</td>
        <td>Southampton</td>
        <td>11</td>
        <td>NA</td>
        <td>London / Montreal, PQ</td>
      </tr>
      <tr id="LC352" class="js-file-line">
        <td id="L352" class="blob-num js-line-number" data-line-number="352"></td>
        <td>351</td>
        <td>2nd</td>
        <td>1</td>
        <td>Brown, Miss. Edith Eileen</td>
        <td>female</td>
        <td>15</td>
        <td>0</td>
        <td>2</td>
        <td>29750</td>
        <td>39</td>
        <td></td>
        <td>Southampton</td>
        <td>14</td>
        <td>NA</td>
        <td>Cape Town, South Africa / Seatt</td>
      </tr>
      <tr id="LC353" class="js-file-line">
        <td id="L353" class="blob-num js-line-number" data-line-number="353"></td>
        <td>352</td>
        <td>2nd</td>
        <td>0</td>
        <td>Brown, Mr. Thomas William Solom</td>
        <td>male</td>
        <td>60</td>
        <td>1</td>
        <td>1</td>
        <td>29750</td>
        <td>39</td>
        <td></td>
        <td>Southampton</td>
        <td></td>
        <td>NA</td>
        <td>Cape Town, South Africa / Seatt</td>
      </tr>
      <tr id="LC354" class="js-file-line">
        <td id="L354" class="blob-num js-line-number" data-line-number="354"></td>
        <td>353</td>
        <td>2nd</td>
        <td>1</td>
        <td>Brown, Mrs. Thomas William Solo</td>
        <td>female</td>
        <td>40</td>
        <td>1</td>
        <td>1</td>
        <td>29750</td>
        <td>39</td>
        <td></td>
        <td>Southampton</td>
        <td>14</td>
        <td>NA</td>
        <td>Cape Town, South Africa / Seatt</td>
      </tr>
      <tr id="LC355" class="js-file-line">
        <td id="L355" class="blob-num js-line-number" data-line-number="355"></td>
        <td>354</td>
        <td>2nd</td>
        <td>1</td>
        <td>Bryhl, Miss. Dagmar Jenny Ingeb</td>
        <td>female</td>
        <td>20</td>
        <td>1</td>
        <td>0</td>
        <td>236853</td>
        <td>26</td>
        <td></td>
        <td>Southampton</td>
        <td>12</td>
        <td>NA</td>
        <td>Skara, Sweden / Rockford, IL</td>
      </tr>
      <tr id="LC356" class="js-file-line">
        <td id="L356" class="blob-num js-line-number" data-line-number="356"></td>
        <td>355</td>
        <td>2nd</td>
        <td>0</td>
        <td>Bryhl, Mr. Kurt Arnold Gottfrid</td>
        <td>male</td>
        <td>25</td>
        <td>1</td>
        <td>0</td>
        <td>236853</td>
        <td>26</td>
        <td></td>
        <td>Southampton</td>
        <td></td>
        <td>NA</td>
        <td>Skara, Sweden / Rockford, IL</td>
      </tr>
      <tr id="LC357" class="js-file-line">
        <td id="L357" class="blob-num js-line-number" data-line-number="357"></td>
        <td>356</td>
        <td>2nd</td>
        <td>1</td>
        <td>Buss, Miss. Kate</td>
        <td>female</td>
        <td>36</td>
        <td>0</td>
        <td>0</td>
        <td>27849</td>
        <td>13</td>
        <td></td>
        <td>Southampton</td>
        <td>9</td>
        <td>NA</td>
        <td>Sittingbourne, England / San Di</td>
      </tr>
      <tr id="LC358" class="js-file-line">
        <td id="L358" class="blob-num js-line-number" data-line-number="358"></td>
        <td>357</td>
        <td>2nd</td>
        <td>0</td>
        <td>Butler, Mr. Reginald Fenton</td>
        <td>male</td>
        <td>25</td>
        <td>0</td>
        <td>0</td>
        <td>234686</td>
        <td>13</td>
        <td></td>
        <td>Southampton</td>
        <td></td>
        <td>97</td>
        <td>Southsea, Hants</td>
      </tr>
      <tr id="LC359" class="js-file-line">
        <td id="L359" class="blob-num js-line-number" data-line-number="359"></td>
        <td>358</td>
        <td>2nd</td>
        <td>0</td>
        <td>Byles, Rev. Thomas Roussel Davi</td>
        <td>male</td>
        <td>42</td>
        <td>0</td>
        <td>0</td>
        <td>244310</td>
        <td>13</td>
        <td></td>
        <td>Southampton</td>
        <td></td>
        <td>NA</td>
        <td>London</td>
      </tr>
      <tr id="LC360" class="js-file-line">
        <td id="L360" class="blob-num js-line-number" data-line-number="360"></td>
        <td>359</td>
        <td>2nd</td>
        <td>1</td>
        <td>Bystrom, Mrs. (Karolina)</td>
        <td>female</td>
        <td>42</td>
        <td>0</td>
        <td>0</td>
        <td>236852</td>
        <td>13</td>
        <td></td>
        <td>Southampton</td>
        <td></td>
        <td>NA</td>
        <td>New York, NY</td>
      </tr>
      <tr id="LC361" class="js-file-line">
        <td id="L361" class="blob-num js-line-number" data-line-number="361"></td>
        <td>360</td>
        <td>2nd</td>
        <td>1</td>
        <td>Caldwell, Master. Alden Gates</td>
        <td>male</td>
        <td>0.833299994</td>
        <td>0</td>
        <td>2</td>
        <td>248738</td>
        <td>29</td>
        <td></td>
        <td>Southampton</td>
        <td>13</td>
        <td>NA</td>
        <td>Bangkok, Thailand / Roseville,</td>
      </tr>
      <tr id="LC362" class="js-file-line">
        <td id="L362" class="blob-num js-line-number" data-line-number="362"></td>
        <td>361</td>
        <td>2nd</td>
        <td>1</td>
        <td>Caldwell, Mr. Albert Francis</td>
        <td>male</td>
        <td>26</td>
        <td>1</td>
        <td>1</td>
        <td>248738</td>
        <td>29</td>
        <td></td>
        <td>Southampton</td>
        <td>13</td>
        <td>NA</td>
        <td>Bangkok, Thailand / Roseville,</td>
      </tr>
      <tr id="LC363" class="js-file-line">
        <td id="L363" class="blob-num js-line-number" data-line-number="363"></td>
        <td>362</td>
        <td>2nd</td>
        <td>1</td>
        <td>Caldwell, Mrs. Albert Francis (</td>
        <td>female</td>
        <td>22</td>
        <td>1</td>
        <td>1</td>
        <td>248738</td>
        <td>29</td>
        <td></td>
        <td>Southampton</td>
        <td>13</td>
        <td>NA</td>
        <td>Bangkok, Thailand / Roseville,</td>
      </tr>
      <tr id="LC364" class="js-file-line">
        <td id="L364" class="blob-num js-line-number" data-line-number="364"></td>
        <td>363</td>
        <td>2nd</td>
        <td>1</td>
        <td>Cameron, Miss. Clear Annie</td>
        <td>female</td>
        <td>35</td>
        <td>0</td>
        <td>0</td>
        <td>F.C.C. 13528</td>
        <td>21</td>
        <td></td>
        <td>Southampton</td>
        <td>14</td>
        <td>NA</td>
        <td>Mamaroneck, NY</td>
      </tr>
      <tr id="LC365" class="js-file-line">
        <td id="L365" class="blob-num js-line-number" data-line-number="365"></td>
        <td>364</td>
        <td>2nd</td>
        <td>0</td>
        <td>Campbell, Mr. William</td>
        <td>male</td>
        <td>NA</td>
        <td>0</td>
        <td>0</td>
        <td>239853</td>
        <td>0</td>
        <td></td>
        <td>Southampton</td>
        <td></td>
        <td>NA</td>
        <td>Belfast</td>
      </tr>
      <tr id="LC366" class="js-file-line">
        <td id="L366" class="blob-num js-line-number" data-line-number="366"></td>
        <td>365</td>
        <td>2nd</td>
        <td>0</td>
        <td>Carbines, Mr. William</td>
        <td>male</td>
        <td>19</td>
        <td>0</td>
        <td>0</td>
        <td>28424</td>
        <td>13</td>
        <td></td>
        <td>Southampton</td>
        <td></td>
        <td>18</td>
        <td>St Ives, Cornwall / Calumet, MI</td>
      </tr>
      <tr id="LC367" class="js-file-line">
        <td id="L367" class="blob-num js-line-number" data-line-number="367"></td>
        <td>366</td>
        <td>2nd</td>
        <td>0</td>
        <td>Carter, Mrs. Ernest Courtenay (</td>
        <td>female</td>
        <td>44</td>
        <td>1</td>
        <td>0</td>
        <td>244252</td>
        <td>26</td>
        <td></td>
        <td>Southampton</td>
        <td></td>
        <td>NA</td>
        <td>London</td>
      </tr>
      <tr id="LC368" class="js-file-line">
        <td id="L368" class="blob-num js-line-number" data-line-number="368"></td>
        <td>367</td>
        <td>2nd</td>
        <td>0</td>
        <td>Carter, Rev. Ernest Courtenay</td>
        <td>male</td>
        <td>54</td>
        <td>1</td>
        <td>0</td>
        <td>244252</td>
        <td>26</td>
        <td></td>
        <td>Southampton</td>
        <td></td>
        <td>NA</td>
        <td>London</td>
      </tr>
      <tr id="LC369" class="js-file-line">
        <td id="L369" class="blob-num js-line-number" data-line-number="369"></td>
        <td>368</td>
        <td>2nd</td>
        <td>0</td>
        <td>Chapman, Mr. Charles Henry</td>
        <td>male</td>
        <td>52</td>
        <td>0</td>
        <td>0</td>
        <td>248731</td>
        <td>13.5</td>
        <td></td>
        <td>Southampton</td>
        <td></td>
        <td>130</td>
        <td>Bronx, NY</td>
      </tr>
      <tr id="LC370" class="js-file-line">
        <td id="L370" class="blob-num js-line-number" data-line-number="370"></td>
        <td>369</td>
        <td>2nd</td>
        <td>0</td>
        <td>Chapman, Mr. John Henry</td>
        <td>male</td>
        <td>37</td>
        <td>1</td>
        <td>0</td>
        <td>SC/AH 29037</td>
        <td>26</td>
        <td></td>
        <td>Southampton</td>
        <td></td>
        <td>17</td>
        <td>Cornwall / Spokane, WA</td>
      </tr>
      <tr id="LC371" class="js-file-line">
        <td id="L371" class="blob-num js-line-number" data-line-number="371"></td>
        <td>370</td>
        <td>2nd</td>
        <td>0</td>
        <td>Chapman, Mrs. John Henry (Sara</td>
        <td>female</td>
        <td>29</td>
        <td>1</td>
        <td>0</td>
        <td>SC/AH 29037</td>
        <td>26</td>
        <td></td>
        <td>Southampton</td>
        <td></td>
        <td>NA</td>
        <td>Cornwall / Spokane, WA</td>
      </tr>
      <tr id="LC372" class="js-file-line">
        <td id="L372" class="blob-num js-line-number" data-line-number="372"></td>
        <td>371</td>
        <td>2nd</td>
        <td>1</td>
        <td>Christy, Miss. Julie Rachel</td>
        <td>female</td>
        <td>25</td>
        <td>1</td>
        <td>1</td>
        <td>237789</td>
        <td>30</td>
        <td></td>
        <td>Southampton</td>
        <td>12</td>
        <td>NA</td>
        <td>London</td>
      </tr>
      <tr id="LC373" class="js-file-line">
        <td id="L373" class="blob-num js-line-number" data-line-number="373"></td>
        <td>372</td>
        <td>2nd</td>
        <td>1</td>
        <td>Christy, Mrs. (Alice Frances)</td>
        <td>female</td>
        <td>45</td>
        <td>0</td>
        <td>2</td>
        <td>237789</td>
        <td>30</td>
        <td></td>
        <td>Southampton</td>
        <td>12</td>
        <td>NA</td>
        <td>London</td>
      </tr>
      <tr id="LC374" class="js-file-line">
        <td id="L374" class="blob-num js-line-number" data-line-number="374"></td>
        <td>373</td>
        <td>2nd</td>
        <td>0</td>
        <td>Clarke, Mr. Charles Valentine</td>
        <td>male</td>
        <td>29</td>
        <td>1</td>
        <td>0</td>
        <td>2003</td>
        <td>26</td>
        <td></td>
        <td>Southampton</td>
        <td></td>
        <td>NA</td>
        <td>England / San Francisco, CA</td>
      </tr>
      <tr id="LC375" class="js-file-line">
        <td id="L375" class="blob-num js-line-number" data-line-number="375"></td>
        <td>374</td>
        <td>2nd</td>
        <td>1</td>
        <td>Clarke, Mrs. Charles V (Ada Mar</td>
        <td>female</td>
        <td>28</td>
        <td>1</td>
        <td>0</td>
        <td>2003</td>
        <td>26</td>
        <td></td>
        <td>Southampton</td>
        <td>14</td>
        <td>NA</td>
        <td>England / San Francisco, CA</td>
      </tr>
      <tr id="LC376" class="js-file-line">
        <td id="L376" class="blob-num js-line-number" data-line-number="376"></td>
        <td>375</td>
        <td>2nd</td>
        <td>0</td>
        <td>Coleridge, Mr. Reginald Charles</td>
        <td>male</td>
        <td>29</td>
        <td>0</td>
        <td>0</td>
        <td>W./C. 14263</td>
        <td>10.5</td>
        <td></td>
        <td>Southampton</td>
        <td></td>
        <td>NA</td>
        <td>Hartford, Huntingdonshire</td>
      </tr>
      <tr id="LC377" class="js-file-line">
        <td id="L377" class="blob-num js-line-number" data-line-number="377"></td>
        <td>376</td>
        <td>2nd</td>
        <td>0</td>
        <td>Collander, Mr. Erik Gustaf</td>
        <td>male</td>
        <td>28</td>
        <td>0</td>
        <td>0</td>
        <td>248740</td>
        <td>13</td>
        <td></td>
        <td>Southampton</td>
        <td></td>
        <td>NA</td>
        <td>Helsinki, Finland Ashtabula, Oh</td>
      </tr>
      <tr id="LC378" class="js-file-line">
        <td id="L378" class="blob-num js-line-number" data-line-number="378"></td>
        <td>377</td>
        <td>2nd</td>
        <td>1</td>
        <td>Collett, Mr. Sidney C Stuart</td>
        <td>male</td>
        <td>24</td>
        <td>0</td>
        <td>0</td>
        <td>28034</td>
        <td>10.5</td>
        <td></td>
        <td>Southampton</td>
        <td>9</td>
        <td>NA</td>
        <td>London / Fort Byron, NY</td>
      </tr>
      <tr id="LC379" class="js-file-line">
        <td id="L379" class="blob-num js-line-number" data-line-number="379"></td>
        <td>378</td>
        <td>2nd</td>
        <td>1</td>
        <td>Collyer, Miss. Marjorie \&quot;Lottie</td>
        <td>female</td>
        <td>8</td>
        <td>0</td>
        <td>2</td>
        <td>C.A. 31921</td>
        <td>26.25</td>
        <td></td>
        <td>Southampton</td>
        <td>14</td>
        <td>NA</td>
        <td>Bishopstoke, Hants / Fayette Va</td>
      </tr>
      <tr id="LC380" class="js-file-line">
        <td id="L380" class="blob-num js-line-number" data-line-number="380"></td>
        <td>379</td>
        <td>2nd</td>
        <td>0</td>
        <td>Collyer, Mr. Harvey</td>
        <td>male</td>
        <td>31</td>
        <td>1</td>
        <td>1</td>
        <td>C.A. 31921</td>
        <td>26.25</td>
        <td></td>
        <td>Southampton</td>
        <td></td>
        <td>NA</td>
        <td>Bishopstoke, Hants / Fayette Va</td>
      </tr>
      <tr id="LC381" class="js-file-line">
        <td id="L381" class="blob-num js-line-number" data-line-number="381"></td>
        <td>380</td>
        <td>2nd</td>
        <td>1</td>
        <td>Collyer, Mrs. Harvey (Charlotte</td>
        <td>female</td>
        <td>31</td>
        <td>1</td>
        <td>1</td>
        <td>C.A. 31921</td>
        <td>26.25</td>
        <td></td>
        <td>Southampton</td>
        <td>14</td>
        <td>NA</td>
        <td>Bishopstoke, Hants / Fayette Va</td>
      </tr>
      <tr id="LC382" class="js-file-line">
        <td id="L382" class="blob-num js-line-number" data-line-number="382"></td>
        <td>381</td>
        <td>2nd</td>
        <td>1</td>
        <td>Cook, Mrs. (Selena Rogers)</td>
        <td>female</td>
        <td>22</td>
        <td>0</td>
        <td>0</td>
        <td>W./C. 14266</td>
        <td>10.5</td>
        <td>F33</td>
        <td>Southampton</td>
        <td>14</td>
        <td>NA</td>
        <td>Pennsylvania</td>
      </tr>
      <tr id="LC383" class="js-file-line">
        <td id="L383" class="blob-num js-line-number" data-line-number="383"></td>
        <td>382</td>
        <td>2nd</td>
        <td>0</td>
        <td>Corbett, Mrs. Walter H (Irene C</td>
        <td>female</td>
        <td>30</td>
        <td>0</td>
        <td>0</td>
        <td>237249</td>
        <td>13</td>
        <td></td>
        <td>Southampton</td>
        <td></td>
        <td>NA</td>
        <td>Provo, UT</td>
      </tr>
      <tr id="LC384" class="js-file-line">
        <td id="L384" class="blob-num js-line-number" data-line-number="384"></td>
        <td>383</td>
        <td>2nd</td>
        <td>0</td>
        <td>Corey, Mrs. Percy C (Mary Phyll</td>
        <td>female</td>
        <td>NA</td>
        <td>0</td>
        <td>0</td>
        <td>F.C.C. 13534</td>
        <td>21</td>
        <td></td>
        <td>Southampton</td>
        <td></td>
        <td>NA</td>
        <td>Upper Burma, India Pittsburgh,</td>
      </tr>
      <tr id="LC385" class="js-file-line">
        <td id="L385" class="blob-num js-line-number" data-line-number="385"></td>
        <td>384</td>
        <td>2nd</td>
        <td>0</td>
        <td>Cotterill, Mr. Henry \&quot;Harry\&quot;</td>
        <td>male</td>
        <td>21</td>
        <td>0</td>
        <td>0</td>
        <td>29107</td>
        <td>11.5</td>
        <td></td>
        <td>Southampton</td>
        <td></td>
        <td>NA</td>
        <td>Penzance, Cornwall / Akron, OH</td>
      </tr>
      <tr id="LC386" class="js-file-line">
        <td id="L386" class="blob-num js-line-number" data-line-number="386"></td>
        <td>385</td>
        <td>2nd</td>
        <td>0</td>
        <td>Cunningham, Mr. Alfred Fleming</td>
        <td>male</td>
        <td>NA</td>
        <td>0</td>
        <td>0</td>
        <td>239853</td>
        <td>0</td>
        <td></td>
        <td>Southampton</td>
        <td></td>
        <td>NA</td>
        <td>Belfast</td>
      </tr>
      <tr id="LC387" class="js-file-line">
        <td id="L387" class="blob-num js-line-number" data-line-number="387"></td>
        <td>386</td>
        <td>2nd</td>
        <td>1</td>
        <td>Davies, Master. John Morgan Jr</td>
        <td>male</td>
        <td>8</td>
        <td>1</td>
        <td>1</td>
        <td>C.A. 33112</td>
        <td>36.75</td>
        <td></td>
        <td>Southampton</td>
        <td>14</td>
        <td>NA</td>
        <td>St Ives, Cornwall / Hancock, MI</td>
      </tr>
      <tr id="LC388" class="js-file-line">
        <td id="L388" class="blob-num js-line-number" data-line-number="388"></td>
        <td>387</td>
        <td>2nd</td>
        <td>0</td>
        <td>Davies, Mr. Charles Henry</td>
        <td>male</td>
        <td>18</td>
        <td>0</td>
        <td>0</td>
        <td>S.O.C. 14879</td>
        <td>73.5</td>
        <td></td>
        <td>Southampton</td>
        <td></td>
        <td>NA</td>
        <td>Lyndhurst, England</td>
      </tr>
      <tr id="LC389" class="js-file-line">
        <td id="L389" class="blob-num js-line-number" data-line-number="389"></td>
        <td>388</td>
        <td>2nd</td>
        <td>1</td>
        <td>Davies, Mrs. John Morgan (Eliza</td>
        <td>female</td>
        <td>48</td>
        <td>0</td>
        <td>2</td>
        <td>C.A. 33112</td>
        <td>36.75</td>
        <td></td>
        <td>Southampton</td>
        <td>14</td>
        <td>NA</td>
        <td>St Ives, Cornwall / Hancock, MI</td>
      </tr>
      <tr id="LC390" class="js-file-line">
        <td id="L390" class="blob-num js-line-number" data-line-number="390"></td>
        <td>389</td>
        <td>2nd</td>
        <td>1</td>
        <td>Davis, Miss. Mary</td>
        <td>female</td>
        <td>28</td>
        <td>0</td>
        <td>0</td>
        <td>237668</td>
        <td>13</td>
        <td></td>
        <td>Southampton</td>
        <td>13</td>
        <td>NA</td>
        <td>London / Staten Island, NY</td>
      </tr>
      <tr id="LC391" class="js-file-line">
        <td id="L391" class="blob-num js-line-number" data-line-number="391"></td>
        <td>390</td>
        <td>2nd</td>
        <td>0</td>
        <td>de Brito, Mr. Jose Joaquim</td>
        <td>male</td>
        <td>32</td>
        <td>0</td>
        <td>0</td>
        <td>244360</td>
        <td>13</td>
        <td></td>
        <td>Southampton</td>
        <td></td>
        <td>NA</td>
        <td>Portugal / Sau Paulo, Brazil</td>
      </tr>
      <tr id="LC392" class="js-file-line">
        <td id="L392" class="blob-num js-line-number" data-line-number="392"></td>
        <td>391</td>
        <td>2nd</td>
        <td>0</td>
        <td>Deacon, Mr. Percy William</td>
        <td>male</td>
        <td>17</td>
        <td>0</td>
        <td>0</td>
        <td>S.O.C. 14879</td>
        <td>73.5</td>
        <td></td>
        <td>Southampton</td>
        <td></td>
        <td>NA</td>
        <td></td>
      </tr>
      <tr id="LC393" class="js-file-line">
        <td id="L393" class="blob-num js-line-number" data-line-number="393"></td>
        <td>392</td>
        <td>2nd</td>
        <td>0</td>
        <td>del Carlo, Mr. Sebastiano</td>
        <td>male</td>
        <td>29</td>
        <td>1</td>
        <td>0</td>
        <td>SC/PARIS 2167</td>
        <td>27.7208004</td>
        <td></td>
        <td>Cherbourg</td>
        <td></td>
        <td>295</td>
        <td>Lucca, Italy / California</td>
      </tr>
      <tr id="LC394" class="js-file-line">
        <td id="L394" class="blob-num js-line-number" data-line-number="394"></td>
        <td>393</td>
        <td>2nd</td>
        <td>1</td>
        <td>del Carlo, Mrs. Sebastiano (Arg</td>
        <td>female</td>
        <td>24</td>
        <td>1</td>
        <td>0</td>
        <td>SC/PARIS 2167</td>
        <td>27.7208004</td>
        <td></td>
        <td>Cherbourg</td>
        <td>12</td>
        <td>NA</td>
        <td>Lucca, Italy / California</td>
      </tr>
      <tr id="LC395" class="js-file-line">
        <td id="L395" class="blob-num js-line-number" data-line-number="395"></td>
        <td>394</td>
        <td>2nd</td>
        <td>0</td>
        <td>Denbury, Mr. Herbert</td>
        <td>male</td>
        <td>25</td>
        <td>0</td>
        <td>0</td>
        <td>C.A. 31029</td>
        <td>31.5</td>
        <td></td>
        <td>Southampton</td>
        <td></td>
        <td>NA</td>
        <td>Guernsey / Elizabeth, NJ</td>
      </tr>
      <tr id="LC396" class="js-file-line">
        <td id="L396" class="blob-num js-line-number" data-line-number="396"></td>
        <td>395</td>
        <td>2nd</td>
        <td>0</td>
        <td>Dibden, Mr. William</td>
        <td>male</td>
        <td>18</td>
        <td>0</td>
        <td>0</td>
        <td>S.O.C. 14879</td>
        <td>73.5</td>
        <td></td>
        <td>Southampton</td>
        <td></td>
        <td>NA</td>
        <td>New Forest, England</td>
      </tr>
      <tr id="LC397" class="js-file-line">
        <td id="L397" class="blob-num js-line-number" data-line-number="397"></td>
        <td>396</td>
        <td>2nd</td>
        <td>1</td>
        <td>Doling, Miss. Elsie</td>
        <td>female</td>
        <td>18</td>
        <td>0</td>
        <td>1</td>
        <td>231919</td>
        <td>23</td>
        <td></td>
        <td>Southampton</td>
        <td></td>
        <td>NA</td>
        <td>Southampton</td>
      </tr>
      <tr id="LC398" class="js-file-line">
        <td id="L398" class="blob-num js-line-number" data-line-number="398"></td>
        <td>397</td>
        <td>2nd</td>
        <td>1</td>
        <td>Doling, Mrs. John T (Ada Julia</td>
        <td>female</td>
        <td>34</td>
        <td>0</td>
        <td>1</td>
        <td>231919</td>
        <td>23</td>
        <td></td>
        <td>Southampton</td>
        <td></td>
        <td>NA</td>
        <td>Southampton</td>
      </tr>
      <tr id="LC399" class="js-file-line">
        <td id="L399" class="blob-num js-line-number" data-line-number="399"></td>
        <td>398</td>
        <td>2nd</td>
        <td>0</td>
        <td>Downton, Mr. William James</td>
        <td>male</td>
        <td>54</td>
        <td>0</td>
        <td>0</td>
        <td>28403</td>
        <td>26</td>
        <td></td>
        <td>Southampton</td>
        <td></td>
        <td>NA</td>
        <td>Holley, NY</td>
      </tr>
      <tr id="LC400" class="js-file-line">
        <td id="L400" class="blob-num js-line-number" data-line-number="400"></td>
        <td>399</td>
        <td>2nd</td>
        <td>1</td>
        <td>Drew, Master. Marshall Brines</td>
        <td>male</td>
        <td>8</td>
        <td>0</td>
        <td>2</td>
        <td>28220</td>
        <td>32.5</td>
        <td></td>
        <td>Southampton</td>
        <td>10</td>
        <td>NA</td>
        <td>Greenport, NY</td>
      </tr>
      <tr id="LC401" class="js-file-line">
        <td id="L401" class="blob-num js-line-number" data-line-number="401"></td>
        <td>400</td>
        <td>2nd</td>
        <td>0</td>
        <td>Drew, Mr. James Vivian</td>
        <td>male</td>
        <td>42</td>
        <td>1</td>
        <td>1</td>
        <td>28220</td>
        <td>32.5</td>
        <td></td>
        <td>Southampton</td>
        <td></td>
        <td>NA</td>
        <td>Greenport, NY</td>
      </tr>
      <tr id="LC402" class="js-file-line">
        <td id="L402" class="blob-num js-line-number" data-line-number="402"></td>
        <td>401</td>
        <td>2nd</td>
        <td>1</td>
        <td>Drew, Mrs. James Vivian (Lulu T</td>
        <td>female</td>
        <td>34</td>
        <td>1</td>
        <td>1</td>
        <td>28220</td>
        <td>32.5</td>
        <td></td>
        <td>Southampton</td>
        <td>10</td>
        <td>NA</td>
        <td>Greenport, NY</td>
      </tr>
      <tr id="LC403" class="js-file-line">
        <td id="L403" class="blob-num js-line-number" data-line-number="403"></td>
        <td>402</td>
        <td>2nd</td>
        <td>1</td>
        <td>Duran y More, Miss. Asuncion</td>
        <td>female</td>
        <td>27</td>
        <td>1</td>
        <td>0</td>
        <td>SC/PARIS 2149</td>
        <td>13.8583002</td>
        <td></td>
        <td>Cherbourg</td>
        <td>12</td>
        <td>NA</td>
        <td>Barcelona, Spain / Havana, Cuba</td>
      </tr>
      <tr id="LC404" class="js-file-line">
        <td id="L404" class="blob-num js-line-number" data-line-number="404"></td>
        <td>403</td>
        <td>2nd</td>
        <td>1</td>
        <td>Duran y More, Miss. Florentina</td>
        <td>female</td>
        <td>30</td>
        <td>1</td>
        <td>0</td>
        <td>SC/PARIS 2148</td>
        <td>13.8583002</td>
        <td></td>
        <td>Cherbourg</td>
        <td>12</td>
        <td>NA</td>
        <td>Barcelona, Spain / Havana, Cuba</td>
      </tr>
      <tr id="LC405" class="js-file-line">
        <td id="L405" class="blob-num js-line-number" data-line-number="405"></td>
        <td>404</td>
        <td>2nd</td>
        <td>0</td>
        <td>Eitemiller, Mr. George Floyd</td>
        <td>male</td>
        <td>23</td>
        <td>0</td>
        <td>0</td>
        <td>29751</td>
        <td>13</td>
        <td></td>
        <td>Southampton</td>
        <td></td>
        <td>NA</td>
        <td>England / Detroit, MI</td>
      </tr>
      <tr id="LC406" class="js-file-line">
        <td id="L406" class="blob-num js-line-number" data-line-number="406"></td>
        <td>405</td>
        <td>2nd</td>
        <td>0</td>
        <td>Enander, Mr. Ingvar</td>
        <td>male</td>
        <td>21</td>
        <td>0</td>
        <td>0</td>
        <td>236854</td>
        <td>13</td>
        <td></td>
        <td>Southampton</td>
        <td></td>
        <td>NA</td>
        <td>Goteborg, Sweden / Rockford, IL</td>
      </tr>
      <tr id="LC407" class="js-file-line">
        <td id="L407" class="blob-num js-line-number" data-line-number="407"></td>
        <td>406</td>
        <td>2nd</td>
        <td>0</td>
        <td>Fahlstrom, Mr. Arne Jonas</td>
        <td>male</td>
        <td>18</td>
        <td>0</td>
        <td>0</td>
        <td>236171</td>
        <td>13</td>
        <td></td>
        <td>Southampton</td>
        <td></td>
        <td>NA</td>
        <td>Oslo, Norway Bayonne, NJ</td>
      </tr>
      <tr id="LC408" class="js-file-line">
        <td id="L408" class="blob-num js-line-number" data-line-number="408"></td>
        <td>407</td>
        <td>2nd</td>
        <td>0</td>
        <td>Faunthorpe, Mr. Harry</td>
        <td>male</td>
        <td>40</td>
        <td>1</td>
        <td>0</td>
        <td>2926</td>
        <td>26</td>
        <td></td>
        <td>Southampton</td>
        <td></td>
        <td>286</td>
        <td>England / Philadelphia, PA</td>
      </tr>
      <tr id="LC409" class="js-file-line">
        <td id="L409" class="blob-num js-line-number" data-line-number="409"></td>
        <td>408</td>
        <td>2nd</td>
        <td>1</td>
        <td>Faunthorpe, Mrs. Lizzie (Elizab</td>
        <td>female</td>
        <td>29</td>
        <td>1</td>
        <td>0</td>
        <td>2926</td>
        <td>26</td>
        <td></td>
        <td>Southampton</td>
        <td>16</td>
        <td>NA</td>
        <td></td>
      </tr>
      <tr id="LC410" class="js-file-line">
        <td id="L410" class="blob-num js-line-number" data-line-number="410"></td>
        <td>409</td>
        <td>2nd</td>
        <td>0</td>
        <td>Fillbrook, Mr. Joseph Charles</td>
        <td>male</td>
        <td>18</td>
        <td>0</td>
        <td>0</td>
        <td>C.A. 15185</td>
        <td>10.5</td>
        <td></td>
        <td>Southampton</td>
        <td></td>
        <td>NA</td>
        <td>Cornwall / Houghton, MI</td>
      </tr>
      <tr id="LC411" class="js-file-line">
        <td id="L411" class="blob-num js-line-number" data-line-number="411"></td>
        <td>410</td>
        <td>2nd</td>
        <td>0</td>
        <td>Fox, Mr. Stanley Hubert</td>
        <td>male</td>
        <td>36</td>
        <td>0</td>
        <td>0</td>
        <td>229236</td>
        <td>13</td>
        <td></td>
        <td>Southampton</td>
        <td></td>
        <td>236</td>
        <td>Rochester, NY</td>
      </tr>
      <tr id="LC412" class="js-file-line">
        <td id="L412" class="blob-num js-line-number" data-line-number="412"></td>
        <td>411</td>
        <td>2nd</td>
        <td>0</td>
        <td>Frost, Mr. Anthony Wood \&quot;Archie</td>
        <td>male</td>
        <td>NA</td>
        <td>0</td>
        <td>0</td>
        <td>239854</td>
        <td>0</td>
        <td></td>
        <td>Southampton</td>
        <td></td>
        <td>NA</td>
        <td>Belfast</td>
      </tr>
      <tr id="LC413" class="js-file-line">
        <td id="L413" class="blob-num js-line-number" data-line-number="413"></td>
        <td>412</td>
        <td>2nd</td>
        <td>0</td>
        <td>Funk, Miss. Annie Clemmer</td>
        <td>female</td>
        <td>38</td>
        <td>0</td>
        <td>0</td>
        <td>237671</td>
        <td>13</td>
        <td></td>
        <td>Southampton</td>
        <td></td>
        <td>NA</td>
        <td>Janjgir, India / Pennsylvania</td>
      </tr>
      <tr id="LC414" class="js-file-line">
        <td id="L414" class="blob-num js-line-number" data-line-number="414"></td>
        <td>413</td>
        <td>2nd</td>
        <td>0</td>
        <td>Fynney, Mr. Joseph J</td>
        <td>male</td>
        <td>35</td>
        <td>0</td>
        <td>0</td>
        <td>239865</td>
        <td>26</td>
        <td></td>
        <td>Southampton</td>
        <td></td>
        <td>322</td>
        <td>Liverpool / Montreal, PQ</td>
      </tr>
      <tr id="LC415" class="js-file-line">
        <td id="L415" class="blob-num js-line-number" data-line-number="415"></td>
        <td>414</td>
        <td>2nd</td>
        <td>0</td>
        <td>Gale, Mr. Harry</td>
        <td>male</td>
        <td>38</td>
        <td>1</td>
        <td>0</td>
        <td>28664</td>
        <td>21</td>
        <td></td>
        <td>Southampton</td>
        <td></td>
        <td>NA</td>
        <td>Cornwall / Clear Creek, CO</td>
      </tr>
      <tr id="LC416" class="js-file-line">
        <td id="L416" class="blob-num js-line-number" data-line-number="416"></td>
        <td>415</td>
        <td>2nd</td>
        <td>0</td>
        <td>Gale, Mr. Shadrach</td>
        <td>male</td>
        <td>34</td>
        <td>1</td>
        <td>0</td>
        <td>28664</td>
        <td>21</td>
        <td></td>
        <td>Southampton</td>
        <td></td>
        <td>NA</td>
        <td>Cornwall / Clear Creek, CO</td>
      </tr>
      <tr id="LC417" class="js-file-line">
        <td id="L417" class="blob-num js-line-number" data-line-number="417"></td>
        <td>416</td>
        <td>2nd</td>
        <td>1</td>
        <td>Garside, Miss. Ethel</td>
        <td>female</td>
        <td>34</td>
        <td>0</td>
        <td>0</td>
        <td>243880</td>
        <td>13</td>
        <td></td>
        <td>Southampton</td>
        <td>12</td>
        <td>NA</td>
        <td>Brooklyn, NY</td>
      </tr>
      <tr id="LC418" class="js-file-line">
        <td id="L418" class="blob-num js-line-number" data-line-number="418"></td>
        <td>417</td>
        <td>2nd</td>
        <td>0</td>
        <td>Gaskell, Mr. Alfred</td>
        <td>male</td>
        <td>16</td>
        <td>0</td>
        <td>0</td>
        <td>239865</td>
        <td>26</td>
        <td></td>
        <td>Southampton</td>
        <td></td>
        <td>NA</td>
        <td>Liverpool / Montreal, PQ</td>
      </tr>
      <tr id="LC419" class="js-file-line">
        <td id="L419" class="blob-num js-line-number" data-line-number="419"></td>
        <td>418</td>
        <td>2nd</td>
        <td>0</td>
        <td>Gavey, Mr. Lawrence</td>
        <td>male</td>
        <td>26</td>
        <td>0</td>
        <td>0</td>
        <td>31028</td>
        <td>10.5</td>
        <td></td>
        <td>Southampton</td>
        <td></td>
        <td>NA</td>
        <td>Guernsey / Elizabeth, NJ</td>
      </tr>
      <tr id="LC420" class="js-file-line">
        <td id="L420" class="blob-num js-line-number" data-line-number="420"></td>
        <td>419</td>
        <td>2nd</td>
        <td>0</td>
        <td>Gilbert, Mr. William</td>
        <td>male</td>
        <td>47</td>
        <td>0</td>
        <td>0</td>
        <td>C.A. 30769</td>
        <td>10.5</td>
        <td></td>
        <td>Southampton</td>
        <td></td>
        <td>NA</td>
        <td>Cornwall</td>
      </tr>
      <tr id="LC421" class="js-file-line">
        <td id="L421" class="blob-num js-line-number" data-line-number="421"></td>
        <td>420</td>
        <td>2nd</td>
        <td>0</td>
        <td>Giles, Mr. Edgar</td>
        <td>male</td>
        <td>21</td>
        <td>1</td>
        <td>0</td>
        <td>28133</td>
        <td>11.5</td>
        <td></td>
        <td>Southampton</td>
        <td></td>
        <td>NA</td>
        <td>Cornwall / Camden, NJ</td>
      </tr>
      <tr id="LC422" class="js-file-line">
        <td id="L422" class="blob-num js-line-number" data-line-number="422"></td>
        <td>421</td>
        <td>2nd</td>
        <td>0</td>
        <td>Giles, Mr. Frederick Edward</td>
        <td>male</td>
        <td>21</td>
        <td>1</td>
        <td>0</td>
        <td>28134</td>
        <td>11.5</td>
        <td></td>
        <td>Southampton</td>
        <td></td>
        <td>NA</td>
        <td>Cornwall / Camden, NJ</td>
      </tr>
      <tr id="LC423" class="js-file-line">
        <td id="L423" class="blob-num js-line-number" data-line-number="423"></td>
        <td>422</td>
        <td>2nd</td>
        <td>0</td>
        <td>Giles, Mr. Ralph</td>
        <td>male</td>
        <td>24</td>
        <td>0</td>
        <td>0</td>
        <td>248726</td>
        <td>13.5</td>
        <td></td>
        <td>Southampton</td>
        <td></td>
        <td>297</td>
        <td>West Kensington, London</td>
      </tr>
      <tr id="LC424" class="js-file-line">
        <td id="L424" class="blob-num js-line-number" data-line-number="424"></td>
        <td>423</td>
        <td>2nd</td>
        <td>0</td>
        <td>Gill, Mr. John William</td>
        <td>male</td>
        <td>24</td>
        <td>0</td>
        <td>0</td>
        <td>233866</td>
        <td>13</td>
        <td></td>
        <td>Southampton</td>
        <td></td>
        <td>155</td>
        <td>Clevedon, England</td>
      </tr>
      <tr id="LC425" class="js-file-line">
        <td id="L425" class="blob-num js-line-number" data-line-number="425"></td>
        <td>424</td>
        <td>2nd</td>
        <td>0</td>
        <td>Gillespie, Mr. William Henry</td>
        <td>male</td>
        <td>34</td>
        <td>0</td>
        <td>0</td>
        <td>12233</td>
        <td>13</td>
        <td></td>
        <td>Southampton</td>
        <td></td>
        <td>NA</td>
        <td>Vancouver, BC</td>
      </tr>
      <tr id="LC426" class="js-file-line">
        <td id="L426" class="blob-num js-line-number" data-line-number="426"></td>
        <td>425</td>
        <td>2nd</td>
        <td>0</td>
        <td>Givard, Mr. Hans Kristensen</td>
        <td>male</td>
        <td>30</td>
        <td>0</td>
        <td>0</td>
        <td>250646</td>
        <td>13</td>
        <td></td>
        <td>Southampton</td>
        <td></td>
        <td>305</td>
        <td></td>
      </tr>
      <tr id="LC427" class="js-file-line">
        <td id="L427" class="blob-num js-line-number" data-line-number="427"></td>
        <td>426</td>
        <td>2nd</td>
        <td>0</td>
        <td>Greenberg, Mr. Samuel</td>
        <td>male</td>
        <td>52</td>
        <td>0</td>
        <td>0</td>
        <td>250647</td>
        <td>13</td>
        <td></td>
        <td>Southampton</td>
        <td></td>
        <td>19</td>
        <td>Bronx, NY</td>
      </tr>
      <tr id="LC428" class="js-file-line">
        <td id="L428" class="blob-num js-line-number" data-line-number="428"></td>
        <td>427</td>
        <td>2nd</td>
        <td>0</td>
        <td>Hale, Mr. Reginald</td>
        <td>male</td>
        <td>30</td>
        <td>0</td>
        <td>0</td>
        <td>250653</td>
        <td>13</td>
        <td></td>
        <td>Southampton</td>
        <td></td>
        <td>75</td>
        <td>Auburn, NY</td>
      </tr>
      <tr id="LC429" class="js-file-line">
        <td id="L429" class="blob-num js-line-number" data-line-number="429"></td>
        <td>428</td>
        <td>2nd</td>
        <td>1</td>
        <td>Hamalainen, Master. Viljo</td>
        <td>male</td>
        <td>0.666700006</td>
        <td>1</td>
        <td>1</td>
        <td>250649</td>
        <td>14.5</td>
        <td></td>
        <td>Southampton</td>
        <td>4</td>
        <td>NA</td>
        <td>Detroit, MI</td>
      </tr>
      <tr id="LC430" class="js-file-line">
        <td id="L430" class="blob-num js-line-number" data-line-number="430"></td>
        <td>429</td>
        <td>2nd</td>
        <td>1</td>
        <td>Hamalainen, Mrs. William (Anna)</td>
        <td>female</td>
        <td>24</td>
        <td>0</td>
        <td>2</td>
        <td>250649</td>
        <td>14.5</td>
        <td></td>
        <td>Southampton</td>
        <td>4</td>
        <td>NA</td>
        <td>Detroit, MI</td>
      </tr>
      <tr id="LC431" class="js-file-line">
        <td id="L431" class="blob-num js-line-number" data-line-number="431"></td>
        <td>430</td>
        <td>2nd</td>
        <td>0</td>
        <td>Harbeck, Mr. William H</td>
        <td>male</td>
        <td>44</td>
        <td>0</td>
        <td>0</td>
        <td>248746</td>
        <td>13</td>
        <td></td>
        <td>Southampton</td>
        <td></td>
        <td>35</td>
        <td>Seattle, WA / Toledo, OH</td>
      </tr>
      <tr id="LC432" class="js-file-line">
        <td id="L432" class="blob-num js-line-number" data-line-number="432"></td>
        <td>431</td>
        <td>2nd</td>
        <td>1</td>
        <td>Harper, Miss. Annie Jessie \&quot;Nin</td>
        <td>female</td>
        <td>6</td>
        <td>0</td>
        <td>1</td>
        <td>248727</td>
        <td>33</td>
        <td></td>
        <td>Southampton</td>
        <td>11</td>
        <td>NA</td>
        <td>Denmark Hill, Surrey / Chicago</td>
      </tr>
      <tr id="LC433" class="js-file-line">
        <td id="L433" class="blob-num js-line-number" data-line-number="433"></td>
        <td>432</td>
        <td>2nd</td>
        <td>0</td>
        <td>Harper, Rev. John</td>
        <td>male</td>
        <td>28</td>
        <td>0</td>
        <td>1</td>
        <td>248727</td>
        <td>33</td>
        <td></td>
        <td>Southampton</td>
        <td></td>
        <td>NA</td>
        <td>Denmark Hill, Surrey / Chicago</td>
      </tr>
      <tr id="LC434" class="js-file-line">
        <td id="L434" class="blob-num js-line-number" data-line-number="434"></td>
        <td>433</td>
        <td>2nd</td>
        <td>1</td>
        <td>Harris, Mr. George</td>
        <td>male</td>
        <td>62</td>
        <td>0</td>
        <td>0</td>
        <td>S.W./PP 752</td>
        <td>10.5</td>
        <td></td>
        <td>Southampton</td>
        <td>15</td>
        <td>NA</td>
        <td>London</td>
      </tr>
      <tr id="LC435" class="js-file-line">
        <td id="L435" class="blob-num js-line-number" data-line-number="435"></td>
        <td>434</td>
        <td>2nd</td>
        <td>0</td>
        <td>Harris, Mr. Walter</td>
        <td>male</td>
        <td>30</td>
        <td>0</td>
        <td>0</td>
        <td>W/C 14208</td>
        <td>10.5</td>
        <td></td>
        <td>Southampton</td>
        <td></td>
        <td>NA</td>
        <td>Walthamstow, England</td>
      </tr>
      <tr id="LC436" class="js-file-line">
        <td id="L436" class="blob-num js-line-number" data-line-number="436"></td>
        <td>435</td>
        <td>2nd</td>
        <td>1</td>
        <td>Hart, Miss. Eva Miriam</td>
        <td>female</td>
        <td>7</td>
        <td>0</td>
        <td>2</td>
        <td>F.C.C. 13529</td>
        <td>26.25</td>
        <td></td>
        <td>Southampton</td>
        <td>14</td>
        <td>NA</td>
        <td>Ilford, Essex / Winnipeg, MB</td>
      </tr>
      <tr id="LC437" class="js-file-line">
        <td id="L437" class="blob-num js-line-number" data-line-number="437"></td>
        <td>436</td>
        <td>2nd</td>
        <td>0</td>
        <td>Hart, Mr. Benjamin</td>
        <td>male</td>
        <td>43</td>
        <td>1</td>
        <td>1</td>
        <td>F.C.C. 13529</td>
        <td>26.25</td>
        <td></td>
        <td>Southampton</td>
        <td></td>
        <td>NA</td>
        <td>Ilford, Essex / Winnipeg, MB</td>
      </tr>
      <tr id="LC438" class="js-file-line">
        <td id="L438" class="blob-num js-line-number" data-line-number="438"></td>
        <td>437</td>
        <td>2nd</td>
        <td>1</td>
        <td>Hart, Mrs. Benjamin (Esther Ada</td>
        <td>female</td>
        <td>45</td>
        <td>1</td>
        <td>1</td>
        <td>F.C.C. 13529</td>
        <td>26.25</td>
        <td></td>
        <td>Southampton</td>
        <td>14</td>
        <td>NA</td>
        <td>Ilford, Essex / Winnipeg, MB</td>
      </tr>
      <tr id="LC439" class="js-file-line">
        <td id="L439" class="blob-num js-line-number" data-line-number="439"></td>
        <td>438</td>
        <td>2nd</td>
        <td>1</td>
        <td>Herman, Miss. Alice</td>
        <td>female</td>
        <td>24</td>
        <td>1</td>
        <td>2</td>
        <td>220845</td>
        <td>65</td>
        <td></td>
        <td>Southampton</td>
        <td>9</td>
        <td>NA</td>
        <td>Somerset / Bernardsville, NJ</td>
      </tr>
      <tr id="LC440" class="js-file-line">
        <td id="L440" class="blob-num js-line-number" data-line-number="440"></td>
        <td>439</td>
        <td>2nd</td>
        <td>1</td>
        <td>Herman, Miss. Kate</td>
        <td>female</td>
        <td>24</td>
        <td>1</td>
        <td>2</td>
        <td>220845</td>
        <td>65</td>
        <td></td>
        <td>Southampton</td>
        <td>9</td>
        <td>NA</td>
        <td>Somerset / Bernardsville, NJ</td>
      </tr>
      <tr id="LC441" class="js-file-line">
        <td id="L441" class="blob-num js-line-number" data-line-number="441"></td>
        <td>440</td>
        <td>2nd</td>
        <td>0</td>
        <td>Herman, Mr. Samuel</td>
        <td>male</td>
        <td>49</td>
        <td>1</td>
        <td>2</td>
        <td>220845</td>
        <td>65</td>
        <td></td>
        <td>Southampton</td>
        <td></td>
        <td>NA</td>
        <td>Somerset / Bernardsville, NJ</td>
      </tr>
      <tr id="LC442" class="js-file-line">
        <td id="L442" class="blob-num js-line-number" data-line-number="442"></td>
        <td>441</td>
        <td>2nd</td>
        <td>1</td>
        <td>Herman, Mrs. Samuel (Jane Laver</td>
        <td>female</td>
        <td>48</td>
        <td>1</td>
        <td>2</td>
        <td>220845</td>
        <td>65</td>
        <td></td>
        <td>Southampton</td>
        <td>9</td>
        <td>NA</td>
        <td>Somerset / Bernardsville, NJ</td>
      </tr>
      <tr id="LC443" class="js-file-line">
        <td id="L443" class="blob-num js-line-number" data-line-number="443"></td>
        <td>442</td>
        <td>2nd</td>
        <td>1</td>
        <td>Hewlett, Mrs. (Mary D Kingcome)</td>
        <td>female</td>
        <td>55</td>
        <td>0</td>
        <td>0</td>
        <td>248706</td>
        <td>16</td>
        <td></td>
        <td>Southampton</td>
        <td>13</td>
        <td>NA</td>
        <td>India / Rapid City, SD</td>
      </tr>
      <tr id="LC444" class="js-file-line">
        <td id="L444" class="blob-num js-line-number" data-line-number="444"></td>
        <td>443</td>
        <td>2nd</td>
        <td>0</td>
        <td>Hickman, Mr. Leonard Mark</td>
        <td>male</td>
        <td>24</td>
        <td>2</td>
        <td>0</td>
        <td>S.O.C. 14879</td>
        <td>73.5</td>
        <td></td>
        <td>Southampton</td>
        <td></td>
        <td>NA</td>
        <td>West Hampstead, London / Neepaw</td>
      </tr>
      <tr id="LC445" class="js-file-line">
        <td id="L445" class="blob-num js-line-number" data-line-number="445"></td>
        <td>444</td>
        <td>2nd</td>
        <td>0</td>
        <td>Hickman, Mr. Lewis</td>
        <td>male</td>
        <td>32</td>
        <td>2</td>
        <td>0</td>
        <td>S.O.C. 14879</td>
        <td>73.5</td>
        <td></td>
        <td>Southampton</td>
        <td></td>
        <td>256</td>
        <td>West Hampstead, London / Neepaw</td>
      </tr>
      <tr id="LC446" class="js-file-line">
        <td id="L446" class="blob-num js-line-number" data-line-number="446"></td>
        <td>445</td>
        <td>2nd</td>
        <td>0</td>
        <td>Hickman, Mr. Stanley George</td>
        <td>male</td>
        <td>21</td>
        <td>2</td>
        <td>0</td>
        <td>S.O.C. 14879</td>
        <td>73.5</td>
        <td></td>
        <td>Southampton</td>
        <td></td>
        <td>NA</td>
        <td>West Hampstead, London / Neepaw</td>
      </tr>
      <tr id="LC447" class="js-file-line">
        <td id="L447" class="blob-num js-line-number" data-line-number="447"></td>
        <td>446</td>
        <td>2nd</td>
        <td>0</td>
        <td>Hiltunen, Miss. Marta</td>
        <td>female</td>
        <td>18</td>
        <td>1</td>
        <td>1</td>
        <td>250650</td>
        <td>13</td>
        <td></td>
        <td>Southampton</td>
        <td></td>
        <td>NA</td>
        <td>Kontiolahti, Finland / Detroit,</td>
      </tr>
      <tr id="LC448" class="js-file-line">
        <td id="L448" class="blob-num js-line-number" data-line-number="448"></td>
        <td>447</td>
        <td>2nd</td>
        <td>1</td>
        <td>Hocking, Miss. Ellen \&quot;Nellie\&quot;</td>
        <td>female</td>
        <td>20</td>
        <td>2</td>
        <td>1</td>
        <td>29105</td>
        <td>23</td>
        <td></td>
        <td>Southampton</td>
        <td>4</td>
        <td>NA</td>
        <td>Cornwall / Akron, OH</td>
      </tr>
      <tr id="LC449" class="js-file-line">
        <td id="L449" class="blob-num js-line-number" data-line-number="449"></td>
        <td>448</td>
        <td>2nd</td>
        <td>0</td>
        <td>Hocking, Mr. Richard George</td>
        <td>male</td>
        <td>23</td>
        <td>2</td>
        <td>1</td>
        <td>29104</td>
        <td>11.5</td>
        <td></td>
        <td>Southampton</td>
        <td></td>
        <td>NA</td>
        <td>Cornwall / Akron, OH</td>
      </tr>
      <tr id="LC450" class="js-file-line">
        <td id="L450" class="blob-num js-line-number" data-line-number="450"></td>
        <td>449</td>
        <td>2nd</td>
        <td>0</td>
        <td>Hocking, Mr. Samuel James Metca</td>
        <td>male</td>
        <td>36</td>
        <td>0</td>
        <td>0</td>
        <td>242963</td>
        <td>13</td>
        <td></td>
        <td>Southampton</td>
        <td></td>
        <td>NA</td>
        <td>Devonport, England</td>
      </tr>
      <tr id="LC451" class="js-file-line">
        <td id="L451" class="blob-num js-line-number" data-line-number="451"></td>
        <td>450</td>
        <td>2nd</td>
        <td>1</td>
        <td>Hocking, Mrs. Elizabeth (Eliza</td>
        <td>female</td>
        <td>54</td>
        <td>1</td>
        <td>3</td>
        <td>29105</td>
        <td>23</td>
        <td></td>
        <td>Southampton</td>
        <td>4</td>
        <td>NA</td>
        <td>Cornwall / Akron, OH</td>
      </tr>
      <tr id="LC452" class="js-file-line">
        <td id="L452" class="blob-num js-line-number" data-line-number="452"></td>
        <td>451</td>
        <td>2nd</td>
        <td>0</td>
        <td>Hodges, Mr. Henry Price</td>
        <td>male</td>
        <td>50</td>
        <td>0</td>
        <td>0</td>
        <td>250643</td>
        <td>13</td>
        <td></td>
        <td>Southampton</td>
        <td></td>
        <td>149</td>
        <td>Southampton</td>
      </tr>
      <tr id="LC453" class="js-file-line">
        <td id="L453" class="blob-num js-line-number" data-line-number="453"></td>
        <td>452</td>
        <td>2nd</td>
        <td>0</td>
        <td>Hold, Mr. Stephen</td>
        <td>male</td>
        <td>44</td>
        <td>1</td>
        <td>0</td>
        <td>26707</td>
        <td>26</td>
        <td></td>
        <td>Southampton</td>
        <td></td>
        <td>NA</td>
        <td>England / Sacramento, CA</td>
      </tr>
      <tr id="LC454" class="js-file-line">
        <td id="L454" class="blob-num js-line-number" data-line-number="454"></td>
        <td>453</td>
        <td>2nd</td>
        <td>1</td>
        <td>Hold, Mrs. Stephen (Annie Marga</td>
        <td>female</td>
        <td>29</td>
        <td>1</td>
        <td>0</td>
        <td>26707</td>
        <td>26</td>
        <td></td>
        <td>Southampton</td>
        <td>10</td>
        <td>NA</td>
        <td>England / Sacramento, CA</td>
      </tr>
      <tr id="LC455" class="js-file-line">
        <td id="L455" class="blob-num js-line-number" data-line-number="455"></td>
        <td>454</td>
        <td>2nd</td>
        <td>0</td>
        <td>Hood, Mr. Ambrose Jr</td>
        <td>male</td>
        <td>21</td>
        <td>0</td>
        <td>0</td>
        <td>S.O.C. 14879</td>
        <td>73.5</td>
        <td></td>
        <td>Southampton</td>
        <td></td>
        <td>NA</td>
        <td>New Forest, England</td>
      </tr>
      <tr id="LC456" class="js-file-line">
        <td id="L456" class="blob-num js-line-number" data-line-number="456"></td>
        <td>455</td>
        <td>2nd</td>
        <td>1</td>
        <td>Hosono, Mr. Masabumi</td>
        <td>male</td>
        <td>42</td>
        <td>0</td>
        <td>0</td>
        <td>237798</td>
        <td>13</td>
        <td></td>
        <td>Southampton</td>
        <td>10</td>
        <td>NA</td>
        <td>Tokyo, Japan</td>
      </tr>
      <tr id="LC457" class="js-file-line">
        <td id="L457" class="blob-num js-line-number" data-line-number="457"></td>
        <td>456</td>
        <td>2nd</td>
        <td>0</td>
        <td>Howard, Mr. Benjamin</td>
        <td>male</td>
        <td>63</td>
        <td>1</td>
        <td>0</td>
        <td>24065</td>
        <td>26</td>
        <td></td>
        <td>Southampton</td>
        <td></td>
        <td>NA</td>
        <td>Swindon, England</td>
      </tr>
      <tr id="LC458" class="js-file-line">
        <td id="L458" class="blob-num js-line-number" data-line-number="458"></td>
        <td>457</td>
        <td>2nd</td>
        <td>0</td>
        <td>Howard, Mrs. Benjamin (Ellen Tr</td>
        <td>female</td>
        <td>60</td>
        <td>1</td>
        <td>0</td>
        <td>24065</td>
        <td>26</td>
        <td></td>
        <td>Southampton</td>
        <td></td>
        <td>NA</td>
        <td>Swindon, England</td>
      </tr>
      <tr id="LC459" class="js-file-line">
        <td id="L459" class="blob-num js-line-number" data-line-number="459"></td>
        <td>458</td>
        <td>2nd</td>
        <td>0</td>
        <td>Hunt, Mr. George Henry</td>
        <td>male</td>
        <td>33</td>
        <td>0</td>
        <td>0</td>
        <td>SCO/W 1585</td>
        <td>12.2749996</td>
        <td></td>
        <td>Southampton</td>
        <td></td>
        <td>NA</td>
        <td>Philadelphia, PA</td>
      </tr>
      <tr id="LC460" class="js-file-line">
        <td id="L460" class="blob-num js-line-number" data-line-number="460"></td>
        <td>459</td>
        <td>2nd</td>
        <td>1</td>
        <td>Ilett, Miss. Bertha</td>
        <td>female</td>
        <td>17</td>
        <td>0</td>
        <td>0</td>
        <td>SO/C 14885</td>
        <td>10.5</td>
        <td></td>
        <td>Southampton</td>
        <td></td>
        <td>NA</td>
        <td>Guernsey</td>
      </tr>
      <tr id="LC461" class="js-file-line">
        <td id="L461" class="blob-num js-line-number" data-line-number="461"></td>
        <td>460</td>
        <td>2nd</td>
        <td>0</td>
        <td>Jacobsohn, Mr. Sidney Samuel</td>
        <td>male</td>
        <td>42</td>
        <td>1</td>
        <td>0</td>
        <td>243847</td>
        <td>27</td>
        <td></td>
        <td>Southampton</td>
        <td></td>
        <td>NA</td>
        <td>London</td>
      </tr>
      <tr id="LC462" class="js-file-line">
        <td id="L462" class="blob-num js-line-number" data-line-number="462"></td>
        <td>461</td>
        <td>2nd</td>
        <td>1</td>
        <td>Jacobsohn, Mrs. Sidney Samuel (</td>
        <td>female</td>
        <td>24</td>
        <td>2</td>
        <td>1</td>
        <td>243847</td>
        <td>27</td>
        <td></td>
        <td>Southampton</td>
        <td>12</td>
        <td>NA</td>
        <td>London</td>
      </tr>
      <tr id="LC463" class="js-file-line">
        <td id="L463" class="blob-num js-line-number" data-line-number="463"></td>
        <td>462</td>
        <td>2nd</td>
        <td>0</td>
        <td>Jarvis, Mr. John Denzil</td>
        <td>male</td>
        <td>47</td>
        <td>0</td>
        <td>0</td>
        <td>237565</td>
        <td>15</td>
        <td></td>
        <td>Southampton</td>
        <td></td>
        <td>NA</td>
        <td>North Evington, England</td>
      </tr>
      <tr id="LC464" class="js-file-line">
        <td id="L464" class="blob-num js-line-number" data-line-number="464"></td>
        <td>463</td>
        <td>2nd</td>
        <td>0</td>
        <td>Jefferys, Mr. Clifford Thomas</td>
        <td>male</td>
        <td>24</td>
        <td>2</td>
        <td>0</td>
        <td>C.A. 31029</td>
        <td>31.5</td>
        <td></td>
        <td>Southampton</td>
        <td></td>
        <td>NA</td>
        <td>Guernsey / Elizabeth, NJ</td>
      </tr>
      <tr id="LC465" class="js-file-line">
        <td id="L465" class="blob-num js-line-number" data-line-number="465"></td>
        <td>464</td>
        <td>2nd</td>
        <td>0</td>
        <td>Jefferys, Mr. Ernest Wilfred</td>
        <td>male</td>
        <td>22</td>
        <td>2</td>
        <td>0</td>
        <td>C.A. 31029</td>
        <td>31.5</td>
        <td></td>
        <td>Southampton</td>
        <td></td>
        <td>NA</td>
        <td>Guernsey / Elizabeth, NJ</td>
      </tr>
      <tr id="LC466" class="js-file-line">
        <td id="L466" class="blob-num js-line-number" data-line-number="466"></td>
        <td>465</td>
        <td>2nd</td>
        <td>0</td>
        <td>Jenkin, Mr. Stephen Curnow</td>
        <td>male</td>
        <td>32</td>
        <td>0</td>
        <td>0</td>
        <td>C.A. 33111</td>
        <td>10.5</td>
        <td></td>
        <td>Southampton</td>
        <td></td>
        <td>NA</td>
        <td>St Ives, Cornwall / Houghton, M</td>
      </tr>
      <tr id="LC467" class="js-file-line">
        <td id="L467" class="blob-num js-line-number" data-line-number="467"></td>
        <td>466</td>
        <td>2nd</td>
        <td>1</td>
        <td>Jerwan, Mrs. Amin S (Marie Mart</td>
        <td>female</td>
        <td>23</td>
        <td>0</td>
        <td>0</td>
        <td>SC/AH Basle 541</td>
        <td>13.7917004</td>
        <td>D</td>
        <td>Cherbourg</td>
        <td>11</td>
        <td>NA</td>
        <td>New York, NY</td>
      </tr>
      <tr id="LC468" class="js-file-line">
        <td id="L468" class="blob-num js-line-number" data-line-number="468"></td>
        <td>467</td>
        <td>2nd</td>
        <td>0</td>
        <td>Kantor, Mr. Sinai</td>
        <td>male</td>
        <td>34</td>
        <td>1</td>
        <td>0</td>
        <td>244367</td>
        <td>26</td>
        <td></td>
        <td>Southampton</td>
        <td></td>
        <td>283</td>
        <td>Moscow / Bronx, NY</td>
      </tr>
      <tr id="LC469" class="js-file-line">
        <td id="L469" class="blob-num js-line-number" data-line-number="469"></td>
        <td>468</td>
        <td>2nd</td>
        <td>1</td>
        <td>Kantor, Mrs. Sinai (Miriam Ster</td>
        <td>female</td>
        <td>24</td>
        <td>1</td>
        <td>0</td>
        <td>244367</td>
        <td>26</td>
        <td></td>
        <td>Southampton</td>
        <td>12</td>
        <td>NA</td>
        <td>Moscow / Bronx, NY</td>
      </tr>
      <tr id="LC470" class="js-file-line">
        <td id="L470" class="blob-num js-line-number" data-line-number="470"></td>
        <td>469</td>
        <td>2nd</td>
        <td>0</td>
        <td>Karnes, Mrs. J Frank (Claire Be</td>
        <td>female</td>
        <td>22</td>
        <td>0</td>
        <td>0</td>
        <td>F.C.C. 13534</td>
        <td>21</td>
        <td></td>
        <td>Southampton</td>
        <td></td>
        <td>NA</td>
        <td>India / Pittsburgh, PA</td>
      </tr>
      <tr id="LC471" class="js-file-line">
        <td id="L471" class="blob-num js-line-number" data-line-number="471"></td>
        <td>470</td>
        <td>2nd</td>
        <td>1</td>
        <td>Keane, Miss. Nora A</td>
        <td>female</td>
        <td>NA</td>
        <td>0</td>
        <td>0</td>
        <td>226593</td>
        <td>12.3500004</td>
        <td>E101</td>
        <td>Queenstown</td>
        <td>10</td>
        <td>NA</td>
        <td>Harrisburg, PA</td>
      </tr>
      <tr id="LC472" class="js-file-line">
        <td id="L472" class="blob-num js-line-number" data-line-number="472"></td>
        <td>471</td>
        <td>2nd</td>
        <td>0</td>
        <td>Keane, Mr. Daniel</td>
        <td>male</td>
        <td>35</td>
        <td>0</td>
        <td>0</td>
        <td>233734</td>
        <td>12.3500004</td>
        <td></td>
        <td>Queenstown</td>
        <td></td>
        <td>NA</td>
        <td></td>
      </tr>
      <tr id="LC473" class="js-file-line">
        <td id="L473" class="blob-num js-line-number" data-line-number="473"></td>
        <td>472</td>
        <td>2nd</td>
        <td>1</td>
        <td>Kelly, Mrs. Florence \&quot;Fannie\&quot;</td>
        <td>female</td>
        <td>45</td>
        <td>0</td>
        <td>0</td>
        <td>223596</td>
        <td>13.5</td>
        <td></td>
        <td>Southampton</td>
        <td>9</td>
        <td>NA</td>
        <td>London / New York, NY</td>
      </tr>
      <tr id="LC474" class="js-file-line">
        <td id="L474" class="blob-num js-line-number" data-line-number="474"></td>
        <td>473</td>
        <td>2nd</td>
        <td>0</td>
        <td>Kirkland, Rev. Charles Leonard</td>
        <td>male</td>
        <td>57</td>
        <td>0</td>
        <td>0</td>
        <td>219533</td>
        <td>12.3500004</td>
        <td></td>
        <td>Queenstown</td>
        <td></td>
        <td>NA</td>
        <td>Glasgow / Bangor, ME</td>
      </tr>
      <tr id="LC475" class="js-file-line">
        <td id="L475" class="blob-num js-line-number" data-line-number="475"></td>
        <td>474</td>
        <td>2nd</td>
        <td>0</td>
        <td>Knight, Mr. Robert J</td>
        <td>male</td>
        <td>NA</td>
        <td>0</td>
        <td>0</td>
        <td>239855</td>
        <td>0</td>
        <td></td>
        <td>Southampton</td>
        <td></td>
        <td>NA</td>
        <td>Belfast</td>
      </tr>
      <tr id="LC476" class="js-file-line">
        <td id="L476" class="blob-num js-line-number" data-line-number="476"></td>
        <td>475</td>
        <td>2nd</td>
        <td>0</td>
        <td>Kvillner, Mr. Johan Henrik Joha</td>
        <td>male</td>
        <td>31</td>
        <td>0</td>
        <td>0</td>
        <td>C.A. 18723</td>
        <td>10.5</td>
        <td></td>
        <td>Southampton</td>
        <td></td>
        <td>165</td>
        <td>Sweden / Arlington, NJ</td>
      </tr>
      <tr id="LC477" class="js-file-line">
        <td id="L477" class="blob-num js-line-number" data-line-number="477"></td>
        <td>476</td>
        <td>2nd</td>
        <td>0</td>
        <td>Lahtinen, Mrs. William (Anna Sy</td>
        <td>female</td>
        <td>26</td>
        <td>1</td>
        <td>1</td>
        <td>250651</td>
        <td>26</td>
        <td></td>
        <td>Southampton</td>
        <td></td>
        <td>NA</td>
        <td>Minneapolis, MN</td>
      </tr>
      <tr id="LC478" class="js-file-line">
        <td id="L478" class="blob-num js-line-number" data-line-number="478"></td>
        <td>477</td>
        <td>2nd</td>
        <td>0</td>
        <td>Lahtinen, Rev. William</td>
        <td>male</td>
        <td>30</td>
        <td>1</td>
        <td>1</td>
        <td>250651</td>
        <td>26</td>
        <td></td>
        <td>Southampton</td>
        <td></td>
        <td>NA</td>
        <td>Minneapolis, MN</td>
      </tr>
      <tr id="LC479" class="js-file-line">
        <td id="L479" class="blob-num js-line-number" data-line-number="479"></td>
        <td>478</td>
        <td>2nd</td>
        <td>0</td>
        <td>Lamb, Mr. John Joseph</td>
        <td>male</td>
        <td>NA</td>
        <td>0</td>
        <td>0</td>
        <td>240261</td>
        <td>10.7082996</td>
        <td></td>
        <td>Queenstown</td>
        <td></td>
        <td>NA</td>
        <td></td>
      </tr>
      <tr id="LC480" class="js-file-line">
        <td id="L480" class="blob-num js-line-number" data-line-number="480"></td>
        <td>479</td>
        <td>2nd</td>
        <td>1</td>
        <td>Laroche, Miss. Louise</td>
        <td>female</td>
        <td>1</td>
        <td>1</td>
        <td>2</td>
        <td>SC/Paris 2123</td>
        <td>41.5792007</td>
        <td></td>
        <td>Cherbourg</td>
        <td>14</td>
        <td>NA</td>
        <td>Paris / Haiti</td>
      </tr>
      <tr id="LC481" class="js-file-line">
        <td id="L481" class="blob-num js-line-number" data-line-number="481"></td>
        <td>480</td>
        <td>2nd</td>
        <td>1</td>
        <td>Laroche, Miss. Simonne Marie An</td>
        <td>female</td>
        <td>3</td>
        <td>1</td>
        <td>2</td>
        <td>SC/Paris 2123</td>
        <td>41.5792007</td>
        <td></td>
        <td>Cherbourg</td>
        <td>14</td>
        <td>NA</td>
        <td>Paris / Haiti</td>
      </tr>
      <tr id="LC482" class="js-file-line">
        <td id="L482" class="blob-num js-line-number" data-line-number="482"></td>
        <td>481</td>
        <td>2nd</td>
        <td>0</td>
        <td>Laroche, Mr. Joseph Philippe Le</td>
        <td>male</td>
        <td>25</td>
        <td>1</td>
        <td>2</td>
        <td>SC/Paris 2123</td>
        <td>41.5792007</td>
        <td></td>
        <td>Cherbourg</td>
        <td></td>
        <td>NA</td>
        <td>Paris / Haiti</td>
      </tr>
      <tr id="LC483" class="js-file-line">
        <td id="L483" class="blob-num js-line-number" data-line-number="483"></td>
        <td>482</td>
        <td>2nd</td>
        <td>1</td>
        <td>Laroche, Mrs. Joseph (Juliette</td>
        <td>female</td>
        <td>22</td>
        <td>1</td>
        <td>2</td>
        <td>SC/Paris 2123</td>
        <td>41.5792007</td>
        <td></td>
        <td>Cherbourg</td>
        <td>14</td>
        <td>NA</td>
        <td>Paris / Haiti</td>
      </tr>
      <tr id="LC484" class="js-file-line">
        <td id="L484" class="blob-num js-line-number" data-line-number="484"></td>
        <td>483</td>
        <td>2nd</td>
        <td>1</td>
        <td>Lehmann, Miss. Bertha</td>
        <td>female</td>
        <td>17</td>
        <td>0</td>
        <td>0</td>
        <td>SC 1748</td>
        <td>12</td>
        <td></td>
        <td>Cherbourg</td>
        <td>12</td>
        <td>NA</td>
        <td>Berne, Switzerland / Central Ci</td>
      </tr>
      <tr id="LC485" class="js-file-line">
        <td id="L485" class="blob-num js-line-number" data-line-number="485"></td>
        <td>484</td>
        <td>2nd</td>
        <td>1</td>
        <td>Leitch, Miss. Jessie Wills</td>
        <td>female</td>
        <td>NA</td>
        <td>0</td>
        <td>0</td>
        <td>248727</td>
        <td>33</td>
        <td></td>
        <td>Southampton</td>
        <td>11</td>
        <td>NA</td>
        <td>London / Chicago, IL</td>
      </tr>
      <tr id="LC486" class="js-file-line">
        <td id="L486" class="blob-num js-line-number" data-line-number="486"></td>
        <td>485</td>
        <td>2nd</td>
        <td>1</td>
        <td>Lemore, Mrs. (Amelia Milley)</td>
        <td>female</td>
        <td>34</td>
        <td>0</td>
        <td>0</td>
        <td>C.A. 34260</td>
        <td>10.5</td>
        <td>F33</td>
        <td>Southampton</td>
        <td>14</td>
        <td>NA</td>
        <td>Chicago, IL</td>
      </tr>
      <tr id="LC487" class="js-file-line">
        <td id="L487" class="blob-num js-line-number" data-line-number="487"></td>
        <td>486</td>
        <td>2nd</td>
        <td>0</td>
        <td>Levy, Mr. Rene Jacques</td>
        <td>male</td>
        <td>36</td>
        <td>0</td>
        <td>0</td>
        <td>SC/Paris 2163</td>
        <td>12.875</td>
        <td>D</td>
        <td>Cherbourg</td>
        <td></td>
        <td>NA</td>
        <td>Montreal, PQ</td>
      </tr>
      <tr id="LC488" class="js-file-line">
        <td id="L488" class="blob-num js-line-number" data-line-number="488"></td>
        <td>487</td>
        <td>2nd</td>
        <td>0</td>
        <td>Leyson, Mr. Robert William Norm</td>
        <td>male</td>
        <td>24</td>
        <td>0</td>
        <td>0</td>
        <td>C.A. 29566</td>
        <td>10.5</td>
        <td></td>
        <td>Southampton</td>
        <td></td>
        <td>108</td>
        <td></td>
      </tr>
      <tr id="LC489" class="js-file-line">
        <td id="L489" class="blob-num js-line-number" data-line-number="489"></td>
        <td>488</td>
        <td>2nd</td>
        <td>0</td>
        <td>Lingane, Mr. John</td>
        <td>male</td>
        <td>61</td>
        <td>0</td>
        <td>0</td>
        <td>235509</td>
        <td>12.3500004</td>
        <td></td>
        <td>Queenstown</td>
        <td></td>
        <td>NA</td>
        <td></td>
      </tr>
      <tr id="LC490" class="js-file-line">
        <td id="L490" class="blob-num js-line-number" data-line-number="490"></td>
        <td>489</td>
        <td>2nd</td>
        <td>0</td>
        <td>Louch, Mr. Charles Alexander</td>
        <td>male</td>
        <td>50</td>
        <td>1</td>
        <td>0</td>
        <td>SC/AH 3085</td>
        <td>26</td>
        <td></td>
        <td>Southampton</td>
        <td></td>
        <td>121</td>
        <td>Weston-Super-Mare, Somerset</td>
      </tr>
      <tr id="LC491" class="js-file-line">
        <td id="L491" class="blob-num js-line-number" data-line-number="491"></td>
        <td>490</td>
        <td>2nd</td>
        <td>1</td>
        <td>Louch, Mrs. Charles Alexander (</td>
        <td>female</td>
        <td>42</td>
        <td>1</td>
        <td>0</td>
        <td>SC/AH 3085</td>
        <td>26</td>
        <td></td>
        <td>Southampton</td>
        <td></td>
        <td>NA</td>
        <td>Weston-Super-Mare, Somerset</td>
      </tr>
      <tr id="LC492" class="js-file-line">
        <td id="L492" class="blob-num js-line-number" data-line-number="492"></td>
        <td>491</td>
        <td>2nd</td>
        <td>0</td>
        <td>Mack, Mrs. (Mary)</td>
        <td>female</td>
        <td>57</td>
        <td>0</td>
        <td>0</td>
        <td>S.O./P.P. 3</td>
        <td>10.5</td>
        <td>E77</td>
        <td>Southampton</td>
        <td></td>
        <td>52</td>
        <td>Southampton / New York, NY</td>
      </tr>
      <tr id="LC493" class="js-file-line">
        <td id="L493" class="blob-num js-line-number" data-line-number="493"></td>
        <td>492</td>
        <td>2nd</td>
        <td>0</td>
        <td>Malachard, Mr. Noel</td>
        <td>male</td>
        <td>NA</td>
        <td>0</td>
        <td>0</td>
        <td>237735</td>
        <td>15.0458002</td>
        <td>D</td>
        <td>Cherbourg</td>
        <td></td>
        <td>NA</td>
        <td>Paris</td>
      </tr>
      <tr id="LC494" class="js-file-line">
        <td id="L494" class="blob-num js-line-number" data-line-number="494"></td>
        <td>493</td>
        <td>2nd</td>
        <td>1</td>
        <td>Mallet, Master. Andre</td>
        <td>male</td>
        <td>1</td>
        <td>0</td>
        <td>2</td>
        <td>S.C./PARIS 2079</td>
        <td>37.0042</td>
        <td></td>
        <td>Cherbourg</td>
        <td>10</td>
        <td>NA</td>
        <td>Paris / Montreal, PQ</td>
      </tr>
      <tr id="LC495" class="js-file-line">
        <td id="L495" class="blob-num js-line-number" data-line-number="495"></td>
        <td>494</td>
        <td>2nd</td>
        <td>0</td>
        <td>Mallet, Mr. Albert</td>
        <td>male</td>
        <td>31</td>
        <td>1</td>
        <td>1</td>
        <td>S.C./PARIS 2079</td>
        <td>37.0042</td>
        <td></td>
        <td>Cherbourg</td>
        <td></td>
        <td>NA</td>
        <td>Paris / Montreal, PQ</td>
      </tr>
      <tr id="LC496" class="js-file-line">
        <td id="L496" class="blob-num js-line-number" data-line-number="496"></td>
        <td>495</td>
        <td>2nd</td>
        <td>1</td>
        <td>Mallet, Mrs. Albert (Antoinette</td>
        <td>female</td>
        <td>24</td>
        <td>1</td>
        <td>1</td>
        <td>S.C./PARIS 2079</td>
        <td>37.0042</td>
        <td></td>
        <td>Cherbourg</td>
        <td>10</td>
        <td>NA</td>
        <td>Paris / Montreal, PQ</td>
      </tr>
      <tr id="LC497" class="js-file-line">
        <td id="L497" class="blob-num js-line-number" data-line-number="497"></td>
        <td>496</td>
        <td>2nd</td>
        <td>0</td>
        <td>Mangiavacchi, Mr. Serafino Emil</td>
        <td>male</td>
        <td>NA</td>
        <td>0</td>
        <td>0</td>
        <td>SC/A.3 2861</td>
        <td>15.5791998</td>
        <td></td>
        <td>Cherbourg</td>
        <td></td>
        <td>NA</td>
        <td>New York, NY</td>
      </tr>
      <tr id="LC498" class="js-file-line">
        <td id="L498" class="blob-num js-line-number" data-line-number="498"></td>
        <td>497</td>
        <td>2nd</td>
        <td>0</td>
        <td>Matthews, Mr. William John</td>
        <td>male</td>
        <td>30</td>
        <td>0</td>
        <td>0</td>
        <td>28228</td>
        <td>13</td>
        <td></td>
        <td>Southampton</td>
        <td></td>
        <td>NA</td>
        <td>St Austall, Cornwall</td>
      </tr>
      <tr id="LC499" class="js-file-line">
        <td id="L499" class="blob-num js-line-number" data-line-number="499"></td>
        <td>498</td>
        <td>2nd</td>
        <td>0</td>
        <td>Maybery, Mr. Frank Hubert</td>
        <td>male</td>
        <td>40</td>
        <td>0</td>
        <td>0</td>
        <td>239059</td>
        <td>16</td>
        <td></td>
        <td>Southampton</td>
        <td></td>
        <td>NA</td>
        <td>Weston-Super-Mare / Moose Jaw,</td>
      </tr>
      <tr id="LC500" class="js-file-line">
        <td id="L500" class="blob-num js-line-number" data-line-number="500"></td>
        <td>499</td>
        <td>2nd</td>
        <td>0</td>
        <td>McCrae, Mr. Arthur Gordon</td>
        <td>male</td>
        <td>32</td>
        <td>0</td>
        <td>0</td>
        <td>237216</td>
        <td>13.5</td>
        <td></td>
        <td>Southampton</td>
        <td></td>
        <td>209</td>
        <td>Sydney, Australia</td>
      </tr>
      <tr id="LC501" class="js-file-line">
        <td id="L501" class="blob-num js-line-number" data-line-number="501"></td>
        <td>500</td>
        <td>2nd</td>
        <td>0</td>
        <td>McCrie, Mr. James Matthew</td>
        <td>male</td>
        <td>30</td>
        <td>0</td>
        <td>0</td>
        <td>233478</td>
        <td>13</td>
        <td></td>
        <td>Southampton</td>
        <td></td>
        <td>NA</td>
        <td>Sarnia, ON</td>
      </tr>
      <tr id="LC502" class="js-file-line">
        <td id="L502" class="blob-num js-line-number" data-line-number="502"></td>
        <td>501</td>
        <td>2nd</td>
        <td>0</td>
        <td>McKane, Mr. Peter David</td>
        <td>male</td>
        <td>46</td>
        <td>0</td>
        <td>0</td>
        <td>28403</td>
        <td>26</td>
        <td></td>
        <td>Southampton</td>
        <td></td>
        <td>NA</td>
        <td>Rochester, NY</td>
      </tr>
      <tr id="LC503" class="js-file-line">
        <td id="L503" class="blob-num js-line-number" data-line-number="503"></td>
        <td>502</td>
        <td>2nd</td>
        <td>1</td>
        <td>Mellinger, Miss. Madeleine Viol</td>
        <td>female</td>
        <td>13</td>
        <td>0</td>
        <td>1</td>
        <td>250644</td>
        <td>19.5</td>
        <td></td>
        <td>Southampton</td>
        <td>14</td>
        <td>NA</td>
        <td>England / Bennington, VT</td>
      </tr>
      <tr id="LC504" class="js-file-line">
        <td id="L504" class="blob-num js-line-number" data-line-number="504"></td>
        <td>503</td>
        <td>2nd</td>
        <td>1</td>
        <td>Mellinger, Mrs. (Elizabeth Anne</td>
        <td>female</td>
        <td>41</td>
        <td>0</td>
        <td>1</td>
        <td>250644</td>
        <td>19.5</td>
        <td></td>
        <td>Southampton</td>
        <td>14</td>
        <td>NA</td>
        <td>England / Bennington, VT</td>
      </tr>
      <tr id="LC505" class="js-file-line">
        <td id="L505" class="blob-num js-line-number" data-line-number="505"></td>
        <td>504</td>
        <td>2nd</td>
        <td>1</td>
        <td>Mellors, Mr. William John</td>
        <td>male</td>
        <td>19</td>
        <td>0</td>
        <td>0</td>
        <td>SW/PP 751</td>
        <td>10.5</td>
        <td></td>
        <td>Southampton</td>
        <td>B</td>
        <td>NA</td>
        <td>Chelsea, London</td>
      </tr>
      <tr id="LC506" class="js-file-line">
        <td id="L506" class="blob-num js-line-number" data-line-number="506"></td>
        <td>505</td>
        <td>2nd</td>
        <td>0</td>
        <td>Meyer, Mr. August</td>
        <td>male</td>
        <td>39</td>
        <td>0</td>
        <td>0</td>
        <td>248723</td>
        <td>13</td>
        <td></td>
        <td>Southampton</td>
        <td></td>
        <td>NA</td>
        <td>Harrow-on-the-Hill, Middlesex</td>
      </tr>
      <tr id="LC507" class="js-file-line">
        <td id="L507" class="blob-num js-line-number" data-line-number="507"></td>
        <td>506</td>
        <td>2nd</td>
        <td>0</td>
        <td>Milling, Mr. Jacob Christian</td>
        <td>male</td>
        <td>48</td>
        <td>0</td>
        <td>0</td>
        <td>234360</td>
        <td>13</td>
        <td></td>
        <td>Southampton</td>
        <td></td>
        <td>271</td>
        <td>Copenhagen, Denmark</td>
      </tr>
      <tr id="LC508" class="js-file-line">
        <td id="L508" class="blob-num js-line-number" data-line-number="508"></td>
        <td>507</td>
        <td>2nd</td>
        <td>0</td>
        <td>Mitchell, Mr. Henry Michael</td>
        <td>male</td>
        <td>70</td>
        <td>0</td>
        <td>0</td>
        <td>C.A. 24580</td>
        <td>10.5</td>
        <td></td>
        <td>Southampton</td>
        <td></td>
        <td>NA</td>
        <td>Guernsey / Montclair, NJ and/or</td>
      </tr>
      <tr id="LC509" class="js-file-line">
        <td id="L509" class="blob-num js-line-number" data-line-number="509"></td>
        <td>508</td>
        <td>2nd</td>
        <td>0</td>
        <td>Montvila, Rev. Juozas</td>
        <td>male</td>
        <td>27</td>
        <td>0</td>
        <td>0</td>
        <td>211536</td>
        <td>13</td>
        <td></td>
        <td>Southampton</td>
        <td></td>
        <td>NA</td>
        <td>Worcester, MA</td>
      </tr>
      <tr id="LC510" class="js-file-line">
        <td id="L510" class="blob-num js-line-number" data-line-number="510"></td>
        <td>509</td>
        <td>2nd</td>
        <td>0</td>
        <td>Moraweck, Dr. Ernest</td>
        <td>male</td>
        <td>54</td>
        <td>0</td>
        <td>0</td>
        <td>29011</td>
        <td>14</td>
        <td></td>
        <td>Southampton</td>
        <td></td>
        <td>NA</td>
        <td>Frankfort, KY</td>
      </tr>
      <tr id="LC511" class="js-file-line">
        <td id="L511" class="blob-num js-line-number" data-line-number="511"></td>
        <td>510</td>
        <td>2nd</td>
        <td>0</td>
        <td>Morley, Mr. Henry Samuel (\&quot;Mr H</td>
        <td>male</td>
        <td>39</td>
        <td>0</td>
        <td>0</td>
        <td>250655</td>
        <td>26</td>
        <td></td>
        <td>Southampton</td>
        <td></td>
        <td>NA</td>
        <td></td>
      </tr>
      <tr id="LC512" class="js-file-line">
        <td id="L512" class="blob-num js-line-number" data-line-number="512"></td>
        <td>511</td>
        <td>2nd</td>
        <td>0</td>
        <td>Mudd, Mr. Thomas Charles</td>
        <td>male</td>
        <td>16</td>
        <td>0</td>
        <td>0</td>
        <td>S.O./P.P. 3</td>
        <td>10.5</td>
        <td></td>
        <td>Southampton</td>
        <td></td>
        <td>NA</td>
        <td>Halesworth, England</td>
      </tr>
      <tr id="LC513" class="js-file-line">
        <td id="L513" class="blob-num js-line-number" data-line-number="513"></td>
        <td>512</td>
        <td>2nd</td>
        <td>0</td>
        <td>Myles, Mr. Thomas Francis</td>
        <td>male</td>
        <td>62</td>
        <td>0</td>
        <td>0</td>
        <td>240276</td>
        <td>9.6875</td>
        <td></td>
        <td>Queenstown</td>
        <td></td>
        <td>NA</td>
        <td>Cambridge, MA</td>
      </tr>
      <tr id="LC514" class="js-file-line">
        <td id="L514" class="blob-num js-line-number" data-line-number="514"></td>
        <td>513</td>
        <td>2nd</td>
        <td>0</td>
        <td>Nasser, Mr. Nicholas</td>
        <td>male</td>
        <td>32.5</td>
        <td>1</td>
        <td>0</td>
        <td>237736</td>
        <td>30.0708008</td>
        <td></td>
        <td>Cherbourg</td>
        <td></td>
        <td>43</td>
        <td>New York, NY</td>
      </tr>
      <tr id="LC515" class="js-file-line">
        <td id="L515" class="blob-num js-line-number" data-line-number="515"></td>
        <td>514</td>
        <td>2nd</td>
        <td>1</td>
        <td>Nasser, Mrs. Nicholas (Adele Ac</td>
        <td>female</td>
        <td>14</td>
        <td>1</td>
        <td>0</td>
        <td>237736</td>
        <td>30.0708008</td>
        <td></td>
        <td>Cherbourg</td>
        <td></td>
        <td>NA</td>
        <td>New York, NY</td>
      </tr>
      <tr id="LC516" class="js-file-line">
        <td id="L516" class="blob-num js-line-number" data-line-number="516"></td>
        <td>515</td>
        <td>2nd</td>
        <td>1</td>
        <td>Navratil, Master. Edmond Roger</td>
        <td>male</td>
        <td>2</td>
        <td>1</td>
        <td>1</td>
        <td>230080</td>
        <td>26</td>
        <td>F2</td>
        <td>Southampton</td>
        <td>D</td>
        <td>NA</td>
        <td>Nice, France</td>
      </tr>
      <tr id="LC517" class="js-file-line">
        <td id="L517" class="blob-num js-line-number" data-line-number="517"></td>
        <td>516</td>
        <td>2nd</td>
        <td>1</td>
        <td>Navratil, Master. Michel M</td>
        <td>male</td>
        <td>3</td>
        <td>1</td>
        <td>1</td>
        <td>230080</td>
        <td>26</td>
        <td>F2</td>
        <td>Southampton</td>
        <td>D</td>
        <td>NA</td>
        <td>Nice, France</td>
      </tr>
      <tr id="LC518" class="js-file-line">
        <td id="L518" class="blob-num js-line-number" data-line-number="518"></td>
        <td>517</td>
        <td>2nd</td>
        <td>0</td>
        <td>Navratil, Mr. Michel (\&quot;Louis M</td>
        <td>male</td>
        <td>36.5</td>
        <td>0</td>
        <td>2</td>
        <td>230080</td>
        <td>26</td>
        <td>F2</td>
        <td>Southampton</td>
        <td></td>
        <td>15</td>
        <td>Nice, France</td>
      </tr>
      <tr id="LC519" class="js-file-line">
        <td id="L519" class="blob-num js-line-number" data-line-number="519"></td>
        <td>518</td>
        <td>2nd</td>
        <td>0</td>
        <td>Nesson, Mr. Israel</td>
        <td>male</td>
        <td>26</td>
        <td>0</td>
        <td>0</td>
        <td>244368</td>
        <td>13</td>
        <td>F2</td>
        <td>Southampton</td>
        <td></td>
        <td>NA</td>
        <td>Boston, MA</td>
      </tr>
      <tr id="LC520" class="js-file-line">
        <td id="L520" class="blob-num js-line-number" data-line-number="520"></td>
        <td>519</td>
        <td>2nd</td>
        <td>0</td>
        <td>Nicholls, Mr. Joseph Charles</td>
        <td>male</td>
        <td>19</td>
        <td>1</td>
        <td>1</td>
        <td>C.A. 33112</td>
        <td>36.75</td>
        <td></td>
        <td>Southampton</td>
        <td></td>
        <td>101</td>
        <td>Cornwall / Hancock, MI</td>
      </tr>
      <tr id="LC521" class="js-file-line">
        <td id="L521" class="blob-num js-line-number" data-line-number="521"></td>
        <td>520</td>
        <td>2nd</td>
        <td>0</td>
        <td>Norman, Mr. Robert Douglas</td>
        <td>male</td>
        <td>28</td>
        <td>0</td>
        <td>0</td>
        <td>218629</td>
        <td>13.5</td>
        <td></td>
        <td>Southampton</td>
        <td></td>
        <td>287</td>
        <td>Glasgow</td>
      </tr>
      <tr id="LC522" class="js-file-line">
        <td id="L522" class="blob-num js-line-number" data-line-number="522"></td>
        <td>521</td>
        <td>2nd</td>
        <td>1</td>
        <td>Nourney, Mr. Alfred (\&quot;Baron von</td>
        <td>male</td>
        <td>20</td>
        <td>0</td>
        <td>0</td>
        <td>SC/PARIS 2166</td>
        <td>13.8625002</td>
        <td>D38</td>
        <td>Cherbourg</td>
        <td>7</td>
        <td>NA</td>
        <td>Cologne, Germany</td>
      </tr>
      <tr id="LC523" class="js-file-line">
        <td id="L523" class="blob-num js-line-number" data-line-number="523"></td>
        <td>522</td>
        <td>2nd</td>
        <td>1</td>
        <td>Nye, Mrs. (Elizabeth Ramell)</td>
        <td>female</td>
        <td>29</td>
        <td>0</td>
        <td>0</td>
        <td>C.A. 29395</td>
        <td>10.5</td>
        <td>F33</td>
        <td>Southampton</td>
        <td>11</td>
        <td>NA</td>
        <td>Folkstone, Kent / New York, NY</td>
      </tr>
      <tr id="LC524" class="js-file-line">
        <td id="L524" class="blob-num js-line-number" data-line-number="524"></td>
        <td>523</td>
        <td>2nd</td>
        <td>0</td>
        <td>Otter, Mr. Richard</td>
        <td>male</td>
        <td>39</td>
        <td>0</td>
        <td>0</td>
        <td>28213</td>
        <td>13</td>
        <td></td>
        <td>Southampton</td>
        <td></td>
        <td>NA</td>
        <td>Middleburg Heights, OH</td>
      </tr>
      <tr id="LC525" class="js-file-line">
        <td id="L525" class="blob-num js-line-number" data-line-number="525"></td>
        <td>524</td>
        <td>2nd</td>
        <td>1</td>
        <td>Oxenham, Mr. Percy Thomas</td>
        <td>male</td>
        <td>22</td>
        <td>0</td>
        <td>0</td>
        <td>W./C. 14260</td>
        <td>10.5</td>
        <td></td>
        <td>Southampton</td>
        <td>13</td>
        <td>NA</td>
        <td>Pondersend, England / New Durha</td>
      </tr>
      <tr id="LC526" class="js-file-line">
        <td id="L526" class="blob-num js-line-number" data-line-number="526"></td>
        <td>525</td>
        <td>2nd</td>
        <td>1</td>
        <td>Padro y Manent, Mr. Julian</td>
        <td>male</td>
        <td>NA</td>
        <td>0</td>
        <td>0</td>
        <td>SC/PARIS 2146</td>
        <td>13.8625002</td>
        <td></td>
        <td>Cherbourg</td>
        <td>9</td>
        <td>NA</td>
        <td>Spain / Havana, Cuba</td>
      </tr>
      <tr id="LC527" class="js-file-line">
        <td id="L527" class="blob-num js-line-number" data-line-number="527"></td>
        <td>526</td>
        <td>2nd</td>
        <td>0</td>
        <td>Pain, Dr. Alfred</td>
        <td>male</td>
        <td>23</td>
        <td>0</td>
        <td>0</td>
        <td>244278</td>
        <td>10.5</td>
        <td></td>
        <td>Southampton</td>
        <td></td>
        <td>NA</td>
        <td>Hamilton, ON</td>
      </tr>
      <tr id="LC528" class="js-file-line">
        <td id="L528" class="blob-num js-line-number" data-line-number="528"></td>
        <td>527</td>
        <td>2nd</td>
        <td>1</td>
        <td>Pallas y Castello, Mr. Emilio</td>
        <td>male</td>
        <td>29</td>
        <td>0</td>
        <td>0</td>
        <td>SC/PARIS 2147</td>
        <td>13.8583002</td>
        <td></td>
        <td>Cherbourg</td>
        <td>9</td>
        <td>NA</td>
        <td>Spain / Havana, Cuba</td>
      </tr>
      <tr id="LC529" class="js-file-line">
        <td id="L529" class="blob-num js-line-number" data-line-number="529"></td>
        <td>528</td>
        <td>2nd</td>
        <td>0</td>
        <td>Parker, Mr. Clifford Richard</td>
        <td>male</td>
        <td>28</td>
        <td>0</td>
        <td>0</td>
        <td>SC 14888</td>
        <td>10.5</td>
        <td></td>
        <td>Southampton</td>
        <td></td>
        <td>NA</td>
        <td>St Andrews, Guernsey</td>
      </tr>
      <tr id="LC530" class="js-file-line">
        <td id="L530" class="blob-num js-line-number" data-line-number="530"></td>
        <td>529</td>
        <td>2nd</td>
        <td>0</td>
        <td>Parkes, Mr. Francis \&quot;Frank\&quot;</td>
        <td>male</td>
        <td>NA</td>
        <td>0</td>
        <td>0</td>
        <td>239853</td>
        <td>0</td>
        <td></td>
        <td>Southampton</td>
        <td></td>
        <td>NA</td>
        <td>Belfast</td>
      </tr>
      <tr id="LC531" class="js-file-line">
        <td id="L531" class="blob-num js-line-number" data-line-number="531"></td>
        <td>530</td>
        <td>2nd</td>
        <td>1</td>
        <td>Parrish, Mrs. (Lutie Davis)</td>
        <td>female</td>
        <td>50</td>
        <td>0</td>
        <td>1</td>
        <td>230433</td>
        <td>26</td>
        <td></td>
        <td>Southampton</td>
        <td>12</td>
        <td>NA</td>
        <td>Woodford County, KY</td>
      </tr>
      <tr id="LC532" class="js-file-line">
        <td id="L532" class="blob-num js-line-number" data-line-number="532"></td>
        <td>531</td>
        <td>2nd</td>
        <td>0</td>
        <td>Pengelly, Mr. Frederick William</td>
        <td>male</td>
        <td>19</td>
        <td>0</td>
        <td>0</td>
        <td>28665</td>
        <td>10.5</td>
        <td></td>
        <td>Southampton</td>
        <td></td>
        <td>NA</td>
        <td>Gunnislake, England / Butte, MT</td>
      </tr>
      <tr id="LC533" class="js-file-line">
        <td id="L533" class="blob-num js-line-number" data-line-number="533"></td>
        <td>532</td>
        <td>2nd</td>
        <td>0</td>
        <td>Pernot, Mr. Rene</td>
        <td>male</td>
        <td>NA</td>
        <td>0</td>
        <td>0</td>
        <td>SC/PARIS 2131</td>
        <td>15.0500002</td>
        <td></td>
        <td>Cherbourg</td>
        <td></td>
        <td>NA</td>
        <td></td>
      </tr>
      <tr id="LC534" class="js-file-line">
        <td id="L534" class="blob-num js-line-number" data-line-number="534"></td>
        <td>533</td>
        <td>2nd</td>
        <td>0</td>
        <td>Peruschitz, Rev. Joseph Maria</td>
        <td>male</td>
        <td>41</td>
        <td>0</td>
        <td>0</td>
        <td>237393</td>
        <td>13</td>
        <td></td>
        <td>Southampton</td>
        <td></td>
        <td>NA</td>
        <td></td>
      </tr>
      <tr id="LC535" class="js-file-line">
        <td id="L535" class="blob-num js-line-number" data-line-number="535"></td>
        <td>534</td>
        <td>2nd</td>
        <td>1</td>
        <td>Phillips, Miss. Alice Frances L</td>
        <td>female</td>
        <td>21</td>
        <td>0</td>
        <td>1</td>
        <td>S.O./P.P. 2</td>
        <td>21</td>
        <td></td>
        <td>Southampton</td>
        <td>12</td>
        <td>NA</td>
        <td>Ilfracombe, Devon</td>
      </tr>
      <tr id="LC536" class="js-file-line">
        <td id="L536" class="blob-num js-line-number" data-line-number="536"></td>
        <td>535</td>
        <td>2nd</td>
        <td>1</td>
        <td>Phillips, Miss. Kate Florence (</td>
        <td>female</td>
        <td>19</td>
        <td>0</td>
        <td>0</td>
        <td>250655</td>
        <td>26</td>
        <td></td>
        <td>Southampton</td>
        <td>11</td>
        <td>NA</td>
        <td>Worcester, England</td>
      </tr>
      <tr id="LC537" class="js-file-line">
        <td id="L537" class="blob-num js-line-number" data-line-number="537"></td>
        <td>536</td>
        <td>2nd</td>
        <td>0</td>
        <td>Phillips, Mr. Escott Robert</td>
        <td>male</td>
        <td>43</td>
        <td>0</td>
        <td>1</td>
        <td>S.O./P.P. 2</td>
        <td>21</td>
        <td></td>
        <td>Southampton</td>
        <td></td>
        <td>NA</td>
        <td>Ilfracombe, Devon</td>
      </tr>
      <tr id="LC538" class="js-file-line">
        <td id="L538" class="blob-num js-line-number" data-line-number="538"></td>
        <td>537</td>
        <td>2nd</td>
        <td>1</td>
        <td>Pinsky, Mrs. (Rosa)</td>
        <td>female</td>
        <td>32</td>
        <td>0</td>
        <td>0</td>
        <td>234604</td>
        <td>13</td>
        <td></td>
        <td>Southampton</td>
        <td>9</td>
        <td>NA</td>
        <td>Russia</td>
      </tr>
      <tr id="LC539" class="js-file-line">
        <td id="L539" class="blob-num js-line-number" data-line-number="539"></td>
        <td>538</td>
        <td>2nd</td>
        <td>0</td>
        <td>Ponesell, Mr. Martin</td>
        <td>male</td>
        <td>34</td>
        <td>0</td>
        <td>0</td>
        <td>250647</td>
        <td>13</td>
        <td></td>
        <td>Southampton</td>
        <td></td>
        <td>NA</td>
        <td>Denmark / New York, NY</td>
      </tr>
      <tr id="LC540" class="js-file-line">
        <td id="L540" class="blob-num js-line-number" data-line-number="540"></td>
        <td>539</td>
        <td>2nd</td>
        <td>1</td>
        <td>Portaluppi, Mr. Emilio Ilario G</td>
        <td>male</td>
        <td>30</td>
        <td>0</td>
        <td>0</td>
        <td>C.A. 34644</td>
        <td>12.7375002</td>
        <td></td>
        <td>Cherbourg</td>
        <td>14</td>
        <td>NA</td>
        <td>Milford, NH</td>
      </tr>
      <tr id="LC541" class="js-file-line">
        <td id="L541" class="blob-num js-line-number" data-line-number="541"></td>
        <td>540</td>
        <td>2nd</td>
        <td>0</td>
        <td>Pulbaum, Mr. Franz</td>
        <td>male</td>
        <td>27</td>
        <td>0</td>
        <td>0</td>
        <td>SC/PARIS 2168</td>
        <td>15.0333004</td>
        <td></td>
        <td>Cherbourg</td>
        <td></td>
        <td>NA</td>
        <td>Paris</td>
      </tr>
      <tr id="LC542" class="js-file-line">
        <td id="L542" class="blob-num js-line-number" data-line-number="542"></td>
        <td>541</td>
        <td>2nd</td>
        <td>1</td>
        <td>Quick, Miss. Phyllis May</td>
        <td>female</td>
        <td>2</td>
        <td>1</td>
        <td>1</td>
        <td>26360</td>
        <td>26</td>
        <td></td>
        <td>Southampton</td>
        <td>11</td>
        <td>NA</td>
        <td>Plymouth, Devon / Detroit, MI</td>
      </tr>
      <tr id="LC543" class="js-file-line">
        <td id="L543" class="blob-num js-line-number" data-line-number="543"></td>
        <td>542</td>
        <td>2nd</td>
        <td>1</td>
        <td>Quick, Miss. Winifred Vera</td>
        <td>female</td>
        <td>8</td>
        <td>1</td>
        <td>1</td>
        <td>26360</td>
        <td>26</td>
        <td></td>
        <td>Southampton</td>
        <td>11</td>
        <td>NA</td>
        <td>Plymouth, Devon / Detroit, MI</td>
      </tr>
      <tr id="LC544" class="js-file-line">
        <td id="L544" class="blob-num js-line-number" data-line-number="544"></td>
        <td>543</td>
        <td>2nd</td>
        <td>1</td>
        <td>Quick, Mrs. Frederick Charles (</td>
        <td>female</td>
        <td>33</td>
        <td>0</td>
        <td>2</td>
        <td>26360</td>
        <td>26</td>
        <td></td>
        <td>Southampton</td>
        <td>11</td>
        <td>NA</td>
        <td>Plymouth, Devon / Detroit, MI</td>
      </tr>
      <tr id="LC545" class="js-file-line">
        <td id="L545" class="blob-num js-line-number" data-line-number="545"></td>
        <td>544</td>
        <td>2nd</td>
        <td>0</td>
        <td>Reeves, Mr. David</td>
        <td>male</td>
        <td>36</td>
        <td>0</td>
        <td>0</td>
        <td>C.A. 17248</td>
        <td>10.5</td>
        <td></td>
        <td>Southampton</td>
        <td></td>
        <td>NA</td>
        <td>Brighton, Sussex</td>
      </tr>
      <tr id="LC546" class="js-file-line">
        <td id="L546" class="blob-num js-line-number" data-line-number="546"></td>
        <td>545</td>
        <td>2nd</td>
        <td>0</td>
        <td>Renouf, Mr. Peter Henry</td>
        <td>male</td>
        <td>34</td>
        <td>1</td>
        <td>0</td>
        <td>31027</td>
        <td>21</td>
        <td></td>
        <td>Southampton</td>
        <td>12</td>
        <td>NA</td>
        <td>Elizabeth, NJ</td>
      </tr>
      <tr id="LC547" class="js-file-line">
        <td id="L547" class="blob-num js-line-number" data-line-number="547"></td>
        <td>546</td>
        <td>2nd</td>
        <td>1</td>
        <td>Renouf, Mrs. Peter Henry (Lilli</td>
        <td>female</td>
        <td>30</td>
        <td>3</td>
        <td>0</td>
        <td>31027</td>
        <td>21</td>
        <td></td>
        <td>Southampton</td>
        <td></td>
        <td>NA</td>
        <td>Elizabeth, NJ</td>
      </tr>
      <tr id="LC548" class="js-file-line">
        <td id="L548" class="blob-num js-line-number" data-line-number="548"></td>
        <td>547</td>
        <td>2nd</td>
        <td>1</td>
        <td>Reynaldo, Ms. Encarnacion</td>
        <td>female</td>
        <td>28</td>
        <td>0</td>
        <td>0</td>
        <td>230434</td>
        <td>13</td>
        <td></td>
        <td>Southampton</td>
        <td>9</td>
        <td>NA</td>
        <td>Spain</td>
      </tr>
      <tr id="LC549" class="js-file-line">
        <td id="L549" class="blob-num js-line-number" data-line-number="549"></td>
        <td>548</td>
        <td>2nd</td>
        <td>0</td>
        <td>Richard, Mr. Emile</td>
        <td>male</td>
        <td>23</td>
        <td>0</td>
        <td>0</td>
        <td>SC/PARIS 2133</td>
        <td>15.0458002</td>
        <td></td>
        <td>Cherbourg</td>
        <td></td>
        <td>NA</td>
        <td>Paris / Montreal, PQ</td>
      </tr>
      <tr id="LC550" class="js-file-line">
        <td id="L550" class="blob-num js-line-number" data-line-number="550"></td>
        <td>549</td>
        <td>2nd</td>
        <td>1</td>
        <td>Richards, Master. George Sibley</td>
        <td>male</td>
        <td>0.833299994</td>
        <td>1</td>
        <td>1</td>
        <td>29106</td>
        <td>18.75</td>
        <td></td>
        <td>Southampton</td>
        <td>4</td>
        <td>NA</td>
        <td>Cornwall / Akron, OH</td>
      </tr>
      <tr id="LC551" class="js-file-line">
        <td id="L551" class="blob-num js-line-number" data-line-number="551"></td>
        <td>550</td>
        <td>2nd</td>
        <td>1</td>
        <td>Richards, Master. William Rowe</td>
        <td>male</td>
        <td>3</td>
        <td>1</td>
        <td>1</td>
        <td>29106</td>
        <td>18.75</td>
        <td></td>
        <td>Southampton</td>
        <td>4</td>
        <td>NA</td>
        <td>Cornwall / Akron, OH</td>
      </tr>
      <tr id="LC552" class="js-file-line">
        <td id="L552" class="blob-num js-line-number" data-line-number="552"></td>
        <td>551</td>
        <td>2nd</td>
        <td>1</td>
        <td>Richards, Mrs. Sidney (Emily Ho</td>
        <td>female</td>
        <td>24</td>
        <td>2</td>
        <td>3</td>
        <td>29106</td>
        <td>18.75</td>
        <td></td>
        <td>Southampton</td>
        <td>4</td>
        <td>NA</td>
        <td>Cornwall / Akron, OH</td>
      </tr>
      <tr id="LC553" class="js-file-line">
        <td id="L553" class="blob-num js-line-number" data-line-number="553"></td>
        <td>552</td>
        <td>2nd</td>
        <td>1</td>
        <td>Ridsdale, Miss. Lucy</td>
        <td>female</td>
        <td>50</td>
        <td>0</td>
        <td>0</td>
        <td>W./C. 14258</td>
        <td>10.5</td>
        <td></td>
        <td>Southampton</td>
        <td>13</td>
        <td>NA</td>
        <td>London, England / Marietta, Ohi</td>
      </tr>
      <tr id="LC554" class="js-file-line">
        <td id="L554" class="blob-num js-line-number" data-line-number="554"></td>
        <td>553</td>
        <td>2nd</td>
        <td>0</td>
        <td>Rogers, Mr. Reginald Harry</td>
        <td>male</td>
        <td>19</td>
        <td>0</td>
        <td>0</td>
        <td>28004</td>
        <td>10.5</td>
        <td></td>
        <td>Southampton</td>
        <td></td>
        <td>NA</td>
        <td></td>
      </tr>
      <tr id="LC555" class="js-file-line">
        <td id="L555" class="blob-num js-line-number" data-line-number="555"></td>
        <td>554</td>
        <td>2nd</td>
        <td>1</td>
        <td>Rugg, Miss. Emily</td>
        <td>female</td>
        <td>21</td>
        <td>0</td>
        <td>0</td>
        <td>C.A. 31026</td>
        <td>10.5</td>
        <td></td>
        <td>Southampton</td>
        <td>12</td>
        <td>NA</td>
        <td>Guernsey / Wilmington, DE</td>
      </tr>
      <tr id="LC556" class="js-file-line">
        <td id="L556" class="blob-num js-line-number" data-line-number="556"></td>
        <td>555</td>
        <td>2nd</td>
        <td>0</td>
        <td>Schmidt, Mr. August</td>
        <td>male</td>
        <td>26</td>
        <td>0</td>
        <td>0</td>
        <td>248659</td>
        <td>13</td>
        <td></td>
        <td>Southampton</td>
        <td></td>
        <td>NA</td>
        <td>Newark, NJ</td>
      </tr>
      <tr id="LC557" class="js-file-line">
        <td id="L557" class="blob-num js-line-number" data-line-number="557"></td>
        <td>556</td>
        <td>2nd</td>
        <td>0</td>
        <td>Sedgwick, Mr. Charles Frederick</td>
        <td>male</td>
        <td>25</td>
        <td>0</td>
        <td>0</td>
        <td>244361</td>
        <td>13</td>
        <td></td>
        <td>Southampton</td>
        <td></td>
        <td>NA</td>
        <td>Liverpool</td>
      </tr>
      <tr id="LC558" class="js-file-line">
        <td id="L558" class="blob-num js-line-number" data-line-number="558"></td>
        <td>557</td>
        <td>2nd</td>
        <td>0</td>
        <td>Sharp, Mr. Percival James R</td>
        <td>male</td>
        <td>27</td>
        <td>0</td>
        <td>0</td>
        <td>244358</td>
        <td>26</td>
        <td></td>
        <td>Southampton</td>
        <td></td>
        <td>NA</td>
        <td>Hornsey, England</td>
      </tr>
      <tr id="LC559" class="js-file-line">
        <td id="L559" class="blob-num js-line-number" data-line-number="559"></td>
        <td>558</td>
        <td>2nd</td>
        <td>1</td>
        <td>Shelley, Mrs. William (Imanita</td>
        <td>female</td>
        <td>25</td>
        <td>0</td>
        <td>1</td>
        <td>230433</td>
        <td>26</td>
        <td></td>
        <td>Southampton</td>
        <td>12</td>
        <td>NA</td>
        <td>Deer Lodge, MT</td>
      </tr>
      <tr id="LC560" class="js-file-line">
        <td id="L560" class="blob-num js-line-number" data-line-number="560"></td>
        <td>559</td>
        <td>2nd</td>
        <td>1</td>
        <td>Silven, Miss. Lyyli Karoliina</td>
        <td>female</td>
        <td>18</td>
        <td>0</td>
        <td>2</td>
        <td>250652</td>
        <td>13</td>
        <td></td>
        <td>Southampton</td>
        <td>16</td>
        <td>NA</td>
        <td>Finland / Minneapolis, MN</td>
      </tr>
      <tr id="LC561" class="js-file-line">
        <td id="L561" class="blob-num js-line-number" data-line-number="561"></td>
        <td>560</td>
        <td>2nd</td>
        <td>1</td>
        <td>Sincock, Miss. Maude</td>
        <td>female</td>
        <td>20</td>
        <td>0</td>
        <td>0</td>
        <td>C.A. 33112</td>
        <td>36.75</td>
        <td></td>
        <td>Southampton</td>
        <td>11</td>
        <td>NA</td>
        <td>Cornwall / Hancock, MI</td>
      </tr>
      <tr id="LC562" class="js-file-line">
        <td id="L562" class="blob-num js-line-number" data-line-number="562"></td>
        <td>561</td>
        <td>2nd</td>
        <td>1</td>
        <td>Sinkkonen, Miss. Anna</td>
        <td>female</td>
        <td>30</td>
        <td>0</td>
        <td>0</td>
        <td>250648</td>
        <td>13</td>
        <td></td>
        <td>Southampton</td>
        <td>10</td>
        <td>NA</td>
        <td>Finland / Washington, DC</td>
      </tr>
      <tr id="LC563" class="js-file-line">
        <td id="L563" class="blob-num js-line-number" data-line-number="563"></td>
        <td>562</td>
        <td>2nd</td>
        <td>0</td>
        <td>Sjostedt, Mr. Ernst Adolf</td>
        <td>male</td>
        <td>59</td>
        <td>0</td>
        <td>0</td>
        <td>237442</td>
        <td>13.5</td>
        <td></td>
        <td>Southampton</td>
        <td></td>
        <td>NA</td>
        <td>Sault St Marie, ON</td>
      </tr>
      <tr id="LC564" class="js-file-line">
        <td id="L564" class="blob-num js-line-number" data-line-number="564"></td>
        <td>563</td>
        <td>2nd</td>
        <td>1</td>
        <td>Slayter, Miss. Hilda Mary</td>
        <td>female</td>
        <td>30</td>
        <td>0</td>
        <td>0</td>
        <td>234818</td>
        <td>12.3500004</td>
        <td></td>
        <td>Queenstown</td>
        <td>13</td>
        <td>NA</td>
        <td>Halifax, NS</td>
      </tr>
      <tr id="LC565" class="js-file-line">
        <td id="L565" class="blob-num js-line-number" data-line-number="565"></td>
        <td>564</td>
        <td>2nd</td>
        <td>0</td>
        <td>Slemen, Mr. Richard James</td>
        <td>male</td>
        <td>35</td>
        <td>0</td>
        <td>0</td>
        <td>28206</td>
        <td>10.5</td>
        <td></td>
        <td>Southampton</td>
        <td></td>
        <td>NA</td>
        <td>Cornwall</td>
      </tr>
      <tr id="LC566" class="js-file-line">
        <td id="L566" class="blob-num js-line-number" data-line-number="566"></td>
        <td>565</td>
        <td>2nd</td>
        <td>1</td>
        <td>Smith, Miss. Marion Elsie</td>
        <td>female</td>
        <td>40</td>
        <td>0</td>
        <td>0</td>
        <td>31418</td>
        <td>13</td>
        <td></td>
        <td>Southampton</td>
        <td>9</td>
        <td>NA</td>
        <td></td>
      </tr>
      <tr id="LC567" class="js-file-line">
        <td id="L567" class="blob-num js-line-number" data-line-number="567"></td>
        <td>566</td>
        <td>2nd</td>
        <td>0</td>
        <td>Sobey, Mr. Samuel James Hayden</td>
        <td>male</td>
        <td>25</td>
        <td>0</td>
        <td>0</td>
        <td>C.A. 29178</td>
        <td>13</td>
        <td></td>
        <td>Southampton</td>
        <td></td>
        <td>NA</td>
        <td>Cornwall / Houghton, MI</td>
      </tr>
      <tr id="LC568" class="js-file-line">
        <td id="L568" class="blob-num js-line-number" data-line-number="568"></td>
        <td>567</td>
        <td>2nd</td>
        <td>0</td>
        <td>Stanton, Mr. Samuel Ward</td>
        <td>male</td>
        <td>41</td>
        <td>0</td>
        <td>0</td>
        <td>237734</td>
        <td>15.0458002</td>
        <td></td>
        <td>Cherbourg</td>
        <td></td>
        <td>NA</td>
        <td>New York, NY</td>
      </tr>
      <tr id="LC569" class="js-file-line">
        <td id="L569" class="blob-num js-line-number" data-line-number="569"></td>
        <td>568</td>
        <td>2nd</td>
        <td>0</td>
        <td>Stokes, Mr. Philip Joseph</td>
        <td>male</td>
        <td>25</td>
        <td>0</td>
        <td>0</td>
        <td>F.C.C. 13540</td>
        <td>10.5</td>
        <td></td>
        <td>Southampton</td>
        <td></td>
        <td>81</td>
        <td>Catford, Kent / Detroit, MI</td>
      </tr>
      <tr id="LC570" class="js-file-line">
        <td id="L570" class="blob-num js-line-number" data-line-number="570"></td>
        <td>569</td>
        <td>2nd</td>
        <td>0</td>
        <td>Swane, Mr. George</td>
        <td>male</td>
        <td>18.5</td>
        <td>0</td>
        <td>0</td>
        <td>248734</td>
        <td>13</td>
        <td>F</td>
        <td>Southampton</td>
        <td></td>
        <td>294</td>
        <td></td>
      </tr>
      <tr id="LC571" class="js-file-line">
        <td id="L571" class="blob-num js-line-number" data-line-number="571"></td>
        <td>570</td>
        <td>2nd</td>
        <td>0</td>
        <td>Sweet, Mr. George Frederick</td>
        <td>male</td>
        <td>14</td>
        <td>0</td>
        <td>0</td>
        <td>220845</td>
        <td>65</td>
        <td></td>
        <td>Southampton</td>
        <td></td>
        <td>NA</td>
        <td>Somerset / Bernardsville, NJ</td>
      </tr>
      <tr id="LC572" class="js-file-line">
        <td id="L572" class="blob-num js-line-number" data-line-number="572"></td>
        <td>571</td>
        <td>2nd</td>
        <td>1</td>
        <td>Toomey, Miss. Ellen</td>
        <td>female</td>
        <td>50</td>
        <td>0</td>
        <td>0</td>
        <td>F.C.C. 13531</td>
        <td>10.5</td>
        <td></td>
        <td>Southampton</td>
        <td>9</td>
        <td>NA</td>
        <td>Indianapolis, IN</td>
      </tr>
      <tr id="LC573" class="js-file-line">
        <td id="L573" class="blob-num js-line-number" data-line-number="573"></td>
        <td>572</td>
        <td>2nd</td>
        <td>0</td>
        <td>Troupiansky, Mr. Moses Aaron</td>
        <td>male</td>
        <td>23</td>
        <td>0</td>
        <td>0</td>
        <td>233639</td>
        <td>13</td>
        <td></td>
        <td>Southampton</td>
        <td></td>
        <td>NA</td>
        <td></td>
      </tr>
      <tr id="LC574" class="js-file-line">
        <td id="L574" class="blob-num js-line-number" data-line-number="574"></td>
        <td>573</td>
        <td>2nd</td>
        <td>1</td>
        <td>Trout, Mrs. William H (Jessie L</td>
        <td>female</td>
        <td>28</td>
        <td>0</td>
        <td>0</td>
        <td>240929</td>
        <td>12.6499996</td>
        <td></td>
        <td>Southampton</td>
        <td></td>
        <td>NA</td>
        <td>Columbus, OH</td>
      </tr>
      <tr id="LC575" class="js-file-line">
        <td id="L575" class="blob-num js-line-number" data-line-number="575"></td>
        <td>574</td>
        <td>2nd</td>
        <td>1</td>
        <td>Troutt, Miss. Edwina Celia \&quot;Win</td>
        <td>female</td>
        <td>27</td>
        <td>0</td>
        <td>0</td>
        <td>34218</td>
        <td>10.5</td>
        <td>E101</td>
        <td>Southampton</td>
        <td>16</td>
        <td>NA</td>
        <td>Bath, England / Massachusetts</td>
      </tr>
      <tr id="LC576" class="js-file-line">
        <td id="L576" class="blob-num js-line-number" data-line-number="576"></td>
        <td>575</td>
        <td>2nd</td>
        <td>0</td>
        <td>Turpin, Mr. William John Robert</td>
        <td>male</td>
        <td>29</td>
        <td>1</td>
        <td>0</td>
        <td>11668</td>
        <td>21</td>
        <td></td>
        <td>Southampton</td>
        <td></td>
        <td>NA</td>
        <td>Plymouth, England</td>
      </tr>
      <tr id="LC577" class="js-file-line">
        <td id="L577" class="blob-num js-line-number" data-line-number="577"></td>
        <td>576</td>
        <td>2nd</td>
        <td>0</td>
        <td>Turpin, Mrs. William John Rober</td>
        <td>female</td>
        <td>27</td>
        <td>1</td>
        <td>0</td>
        <td>11668</td>
        <td>21</td>
        <td></td>
        <td>Southampton</td>
        <td></td>
        <td>NA</td>
        <td>Plymouth, England</td>
      </tr>
      <tr id="LC578" class="js-file-line">
        <td id="L578" class="blob-num js-line-number" data-line-number="578"></td>
        <td>577</td>
        <td>2nd</td>
        <td>0</td>
        <td>Veal, Mr. James</td>
        <td>male</td>
        <td>40</td>
        <td>0</td>
        <td>0</td>
        <td>28221</td>
        <td>13</td>
        <td></td>
        <td>Southampton</td>
        <td></td>
        <td>NA</td>
        <td>Barre, Co Washington, VT</td>
      </tr>
      <tr id="LC579" class="js-file-line">
        <td id="L579" class="blob-num js-line-number" data-line-number="579"></td>
        <td>578</td>
        <td>2nd</td>
        <td>1</td>
        <td>Walcroft, Miss. Nellie</td>
        <td>female</td>
        <td>31</td>
        <td>0</td>
        <td>0</td>
        <td>F.C.C. 13528</td>
        <td>21</td>
        <td></td>
        <td>Southampton</td>
        <td>14</td>
        <td>NA</td>
        <td>Mamaroneck, NY</td>
      </tr>
      <tr id="LC580" class="js-file-line">
        <td id="L580" class="blob-num js-line-number" data-line-number="580"></td>
        <td>579</td>
        <td>2nd</td>
        <td>0</td>
        <td>Ware, Mr. John James</td>
        <td>male</td>
        <td>30</td>
        <td>1</td>
        <td>0</td>
        <td>CA 31352</td>
        <td>21</td>
        <td></td>
        <td>Southampton</td>
        <td></td>
        <td>NA</td>
        <td>Bristol, England / New Britain,</td>
      </tr>
      <tr id="LC581" class="js-file-line">
        <td id="L581" class="blob-num js-line-number" data-line-number="581"></td>
        <td>580</td>
        <td>2nd</td>
        <td>0</td>
        <td>Ware, Mr. William Jeffery</td>
        <td>male</td>
        <td>23</td>
        <td>1</td>
        <td>0</td>
        <td>28666</td>
        <td>10.5</td>
        <td></td>
        <td>Southampton</td>
        <td></td>
        <td>NA</td>
        <td></td>
      </tr>
      <tr id="LC582" class="js-file-line">
        <td id="L582" class="blob-num js-line-number" data-line-number="582"></td>
        <td>581</td>
        <td>2nd</td>
        <td>1</td>
        <td>Ware, Mrs. John James (Florence</td>
        <td>female</td>
        <td>31</td>
        <td>0</td>
        <td>0</td>
        <td>CA 31352</td>
        <td>21</td>
        <td></td>
        <td>Southampton</td>
        <td>10</td>
        <td>NA</td>
        <td>Bristol, England / New Britain,</td>
      </tr>
      <tr id="LC583" class="js-file-line">
        <td id="L583" class="blob-num js-line-number" data-line-number="583"></td>
        <td>582</td>
        <td>2nd</td>
        <td>0</td>
        <td>Watson, Mr. Ennis Hastings</td>
        <td>male</td>
        <td>NA</td>
        <td>0</td>
        <td>0</td>
        <td>239856</td>
        <td>0</td>
        <td></td>
        <td>Southampton</td>
        <td></td>
        <td>NA</td>
        <td>Belfast</td>
      </tr>
      <tr id="LC584" class="js-file-line">
        <td id="L584" class="blob-num js-line-number" data-line-number="584"></td>
        <td>583</td>
        <td>2nd</td>
        <td>1</td>
        <td>Watt, Miss. Bertha J</td>
        <td>female</td>
        <td>12</td>
        <td>0</td>
        <td>0</td>
        <td>C.A. 33595</td>
        <td>15.75</td>
        <td></td>
        <td>Southampton</td>
        <td>9</td>
        <td>NA</td>
        <td>Aberdeen / Portland, OR</td>
      </tr>
      <tr id="LC585" class="js-file-line">
        <td id="L585" class="blob-num js-line-number" data-line-number="585"></td>
        <td>584</td>
        <td>2nd</td>
        <td>1</td>
        <td>Watt, Mrs. James (Elizabeth \&quot;Be</td>
        <td>female</td>
        <td>40</td>
        <td>0</td>
        <td>0</td>
        <td>C.A. 33595</td>
        <td>15.75</td>
        <td></td>
        <td>Southampton</td>
        <td>9</td>
        <td>NA</td>
        <td>Aberdeen / Portland, OR</td>
      </tr>
      <tr id="LC586" class="js-file-line">
        <td id="L586" class="blob-num js-line-number" data-line-number="586"></td>
        <td>585</td>
        <td>2nd</td>
        <td>1</td>
        <td>Webber, Miss. Susan</td>
        <td>female</td>
        <td>32.5</td>
        <td>0</td>
        <td>0</td>
        <td>27267</td>
        <td>13</td>
        <td>E101</td>
        <td>Southampton</td>
        <td>12</td>
        <td>NA</td>
        <td>England / Hartford, CT</td>
      </tr>
      <tr id="LC587" class="js-file-line">
        <td id="L587" class="blob-num js-line-number" data-line-number="587"></td>
        <td>586</td>
        <td>2nd</td>
        <td>0</td>
        <td>Weisz, Mr. Leopold</td>
        <td>male</td>
        <td>27</td>
        <td>1</td>
        <td>0</td>
        <td>228414</td>
        <td>26</td>
        <td></td>
        <td>Southampton</td>
        <td></td>
        <td>293</td>
        <td>Bromsgrove, England / Montreal,</td>
      </tr>
      <tr id="LC588" class="js-file-line">
        <td id="L588" class="blob-num js-line-number" data-line-number="588"></td>
        <td>587</td>
        <td>2nd</td>
        <td>1</td>
        <td>Weisz, Mrs. Leopold (Mathilde F</td>
        <td>female</td>
        <td>29</td>
        <td>1</td>
        <td>0</td>
        <td>228414</td>
        <td>26</td>
        <td></td>
        <td>Southampton</td>
        <td>10</td>
        <td>NA</td>
        <td>Bromsgrove, England / Montreal,</td>
      </tr>
      <tr id="LC589" class="js-file-line">
        <td id="L589" class="blob-num js-line-number" data-line-number="589"></td>
        <td>588</td>
        <td>2nd</td>
        <td>1</td>
        <td>Wells, Master. Ralph Lester</td>
        <td>male</td>
        <td>2</td>
        <td>1</td>
        <td>1</td>
        <td>29103</td>
        <td>23</td>
        <td></td>
        <td>Southampton</td>
        <td>14</td>
        <td>NA</td>
        <td>Cornwall / Akron, OH</td>
      </tr>
      <tr id="LC590" class="js-file-line">
        <td id="L590" class="blob-num js-line-number" data-line-number="590"></td>
        <td>589</td>
        <td>2nd</td>
        <td>1</td>
        <td>Wells, Miss. Joan</td>
        <td>female</td>
        <td>4</td>
        <td>1</td>
        <td>1</td>
        <td>29103</td>
        <td>23</td>
        <td></td>
        <td>Southampton</td>
        <td>14</td>
        <td>NA</td>
        <td>Cornwall / Akron, OH</td>
      </tr>
      <tr id="LC591" class="js-file-line">
        <td id="L591" class="blob-num js-line-number" data-line-number="591"></td>
        <td>590</td>
        <td>2nd</td>
        <td>1</td>
        <td>Wells, Mrs. Arthur Henry (\&quot;Addi</td>
        <td>female</td>
        <td>29</td>
        <td>0</td>
        <td>2</td>
        <td>29103</td>
        <td>23</td>
        <td></td>
        <td>Southampton</td>
        <td>14</td>
        <td>NA</td>
        <td>Cornwall / Akron, OH</td>
      </tr>
      <tr id="LC592" class="js-file-line">
        <td id="L592" class="blob-num js-line-number" data-line-number="592"></td>
        <td>591</td>
        <td>2nd</td>
        <td>1</td>
        <td>West, Miss. Barbara J</td>
        <td>female</td>
        <td>0.916700006</td>
        <td>1</td>
        <td>2</td>
        <td>C.A. 34651</td>
        <td>27.75</td>
        <td></td>
        <td>Southampton</td>
        <td>10</td>
        <td>NA</td>
        <td>Bournmouth, England</td>
      </tr>
      <tr id="LC593" class="js-file-line">
        <td id="L593" class="blob-num js-line-number" data-line-number="593"></td>
        <td>592</td>
        <td>2nd</td>
        <td>1</td>
        <td>West, Miss. Constance Mirium</td>
        <td>female</td>
        <td>5</td>
        <td>1</td>
        <td>2</td>
        <td>C.A. 34651</td>
        <td>27.75</td>
        <td></td>
        <td>Southampton</td>
        <td>10</td>
        <td>NA</td>
        <td>Bournmouth, England</td>
      </tr>
      <tr id="LC594" class="js-file-line">
        <td id="L594" class="blob-num js-line-number" data-line-number="594"></td>
        <td>593</td>
        <td>2nd</td>
        <td>0</td>
        <td>West, Mr. Edwy Arthur</td>
        <td>male</td>
        <td>36</td>
        <td>1</td>
        <td>2</td>
        <td>C.A. 34651</td>
        <td>27.75</td>
        <td></td>
        <td>Southampton</td>
        <td></td>
        <td>NA</td>
        <td>Bournmouth, England</td>
      </tr>
      <tr id="LC595" class="js-file-line">
        <td id="L595" class="blob-num js-line-number" data-line-number="595"></td>
        <td>594</td>
        <td>2nd</td>
        <td>1</td>
        <td>West, Mrs. Edwy Arthur (Ada Mar</td>
        <td>female</td>
        <td>33</td>
        <td>1</td>
        <td>2</td>
        <td>C.A. 34651</td>
        <td>27.75</td>
        <td></td>
        <td>Southampton</td>
        <td>10</td>
        <td>NA</td>
        <td>Bournmouth, England</td>
      </tr>
      <tr id="LC596" class="js-file-line">
        <td id="L596" class="blob-num js-line-number" data-line-number="596"></td>
        <td>595</td>
        <td>2nd</td>
        <td>0</td>
        <td>Wheadon, Mr. Edward H</td>
        <td>male</td>
        <td>66</td>
        <td>0</td>
        <td>0</td>
        <td>C.A. 24579</td>
        <td>10.5</td>
        <td></td>
        <td>Southampton</td>
        <td></td>
        <td>NA</td>
        <td>Guernsey, England / Edgewood, R</td>
      </tr>
      <tr id="LC597" class="js-file-line">
        <td id="L597" class="blob-num js-line-number" data-line-number="597"></td>
        <td>596</td>
        <td>2nd</td>
        <td>0</td>
        <td>Wheeler, Mr. Edwin \&quot;Frederick\&quot;</td>
        <td>male</td>
        <td>NA</td>
        <td>0</td>
        <td>0</td>
        <td>SC/PARIS 2159</td>
        <td>12.875</td>
        <td></td>
        <td>Southampton</td>
        <td></td>
        <td>NA</td>
        <td></td>
      </tr>
      <tr id="LC598" class="js-file-line">
        <td id="L598" class="blob-num js-line-number" data-line-number="598"></td>
        <td>597</td>
        <td>2nd</td>
        <td>1</td>
        <td>Wilhelms, Mr. Charles</td>
        <td>male</td>
        <td>31</td>
        <td>0</td>
        <td>0</td>
        <td>244270</td>
        <td>13</td>
        <td></td>
        <td>Southampton</td>
        <td>9</td>
        <td>NA</td>
        <td>London, England</td>
      </tr>
      <tr id="LC599" class="js-file-line">
        <td id="L599" class="blob-num js-line-number" data-line-number="599"></td>
        <td>598</td>
        <td>2nd</td>
        <td>1</td>
        <td>Williams, Mr. Charles Eugene</td>
        <td>male</td>
        <td>NA</td>
        <td>0</td>
        <td>0</td>
        <td>244373</td>
        <td>13</td>
        <td></td>
        <td>Southampton</td>
        <td>14</td>
        <td>NA</td>
        <td>Harrow, England</td>
      </tr>
      <tr id="LC600" class="js-file-line">
        <td id="L600" class="blob-num js-line-number" data-line-number="600"></td>
        <td>599</td>
        <td>2nd</td>
        <td>1</td>
        <td>Wright, Miss. Marion</td>
        <td>female</td>
        <td>26</td>
        <td>0</td>
        <td>0</td>
        <td>220844</td>
        <td>13.5</td>
        <td></td>
        <td>Southampton</td>
        <td>9</td>
        <td>NA</td>
        <td>Yoevil, England / Cottage Grove</td>
      </tr>
      <tr id="LC601" class="js-file-line">
        <td id="L601" class="blob-num js-line-number" data-line-number="601"></td>
        <td>600</td>
        <td>2nd</td>
        <td>0</td>
        <td>Yrois, Miss. Henriette (\&quot;Mrs Ha</td>
        <td>female</td>
        <td>24</td>
        <td>0</td>
        <td>0</td>
        <td>248747</td>
        <td>13</td>
        <td></td>
        <td>Southampton</td>
        <td></td>
        <td>NA</td>
        <td>Paris</td>
      </tr>
      <tr id="LC602" class="js-file-line">
        <td id="L602" class="blob-num js-line-number" data-line-number="602"></td>
        <td>601</td>
        <td>3rd</td>
        <td>0</td>
        <td>Abbing, Mr. Anthony</td>
        <td>male</td>
        <td>42</td>
        <td>0</td>
        <td>0</td>
        <td>C.A. 5547</td>
        <td>7.55000019</td>
        <td></td>
        <td>Southampton</td>
        <td></td>
        <td>NA</td>
        <td></td>
      </tr>
      <tr id="LC603" class="js-file-line">
        <td id="L603" class="blob-num js-line-number" data-line-number="603"></td>
        <td>602</td>
        <td>3rd</td>
        <td>0</td>
        <td>Abbott, Master. Eugene Joseph</td>
        <td>male</td>
        <td>13</td>
        <td>0</td>
        <td>2</td>
        <td>C.A. 2673</td>
        <td>20.25</td>
        <td></td>
        <td>Southampton</td>
        <td></td>
        <td>NA</td>
        <td>East Providence, RI</td>
      </tr>
      <tr id="LC604" class="js-file-line">
        <td id="L604" class="blob-num js-line-number" data-line-number="604"></td>
        <td>603</td>
        <td>3rd</td>
        <td>0</td>
        <td>Abbott, Mr. Rossmore Edward</td>
        <td>male</td>
        <td>16</td>
        <td>1</td>
        <td>1</td>
        <td>C.A. 2673</td>
        <td>20.25</td>
        <td></td>
        <td>Southampton</td>
        <td></td>
        <td>190</td>
        <td>East Providence, RI</td>
      </tr>
      <tr id="LC605" class="js-file-line">
        <td id="L605" class="blob-num js-line-number" data-line-number="605"></td>
        <td>604</td>
        <td>3rd</td>
        <td>1</td>
        <td>Abbott, Mrs. Stanton (Rosa Hunt</td>
        <td>female</td>
        <td>35</td>
        <td>1</td>
        <td>1</td>
        <td>C.A. 2673</td>
        <td>20.25</td>
        <td></td>
        <td>Southampton</td>
        <td>A</td>
        <td>NA</td>
        <td>East Providence, RI</td>
      </tr>
      <tr id="LC606" class="js-file-line">
        <td id="L606" class="blob-num js-line-number" data-line-number="606"></td>
        <td>605</td>
        <td>3rd</td>
        <td>1</td>
        <td>Abelseth, Miss. Karen Marie</td>
        <td>female</td>
        <td>16</td>
        <td>0</td>
        <td>0</td>
        <td>348125</td>
        <td>7.6500001</td>
        <td></td>
        <td>Southampton</td>
        <td>16</td>
        <td>NA</td>
        <td>Norway Los Angeles, CA</td>
      </tr>
      <tr id="LC607" class="js-file-line">
        <td id="L607" class="blob-num js-line-number" data-line-number="607"></td>
        <td>606</td>
        <td>3rd</td>
        <td>1</td>
        <td>Abelseth, Mr. Olaus Jorgensen</td>
        <td>male</td>
        <td>25</td>
        <td>0</td>
        <td>0</td>
        <td>348122</td>
        <td>7.6500001</td>
        <td>F G63</td>
        <td>Southampton</td>
        <td>A</td>
        <td>NA</td>
        <td>Perkins County, SD</td>
      </tr>
      <tr id="LC608" class="js-file-line">
        <td id="L608" class="blob-num js-line-number" data-line-number="608"></td>
        <td>607</td>
        <td>3rd</td>
        <td>1</td>
        <td>Abrahamsson, Mr. Abraham August</td>
        <td>male</td>
        <td>20</td>
        <td>0</td>
        <td>0</td>
        <td>SOTON/O2 3101284</td>
        <td>7.92500019</td>
        <td></td>
        <td>Southampton</td>
        <td>15</td>
        <td>NA</td>
        <td>Taalintehdas, Finland Hoboken,</td>
      </tr>
      <tr id="LC609" class="js-file-line">
        <td id="L609" class="blob-num js-line-number" data-line-number="609"></td>
        <td>608</td>
        <td>3rd</td>
        <td>1</td>
        <td>Abrahim, Mrs. Joseph (Sophie Ha</td>
        <td>female</td>
        <td>18</td>
        <td>0</td>
        <td>0</td>
        <td>2657</td>
        <td>7.22919989</td>
        <td></td>
        <td>Cherbourg</td>
        <td>C</td>
        <td>NA</td>
        <td>Greensburg, PA</td>
      </tr>
      <tr id="LC610" class="js-file-line">
        <td id="L610" class="blob-num js-line-number" data-line-number="610"></td>
        <td>609</td>
        <td>3rd</td>
        <td>0</td>
        <td>Adahl, Mr. Mauritz Nils Martin</td>
        <td>male</td>
        <td>30</td>
        <td>0</td>
        <td>0</td>
        <td>C 7076</td>
        <td>7.25</td>
        <td></td>
        <td>Southampton</td>
        <td></td>
        <td>72</td>
        <td>Asarum, Sweden Brooklyn, NY</td>
      </tr>
      <tr id="LC611" class="js-file-line">
        <td id="L611" class="blob-num js-line-number" data-line-number="611"></td>
        <td>610</td>
        <td>3rd</td>
        <td>0</td>
        <td>Adams, Mr. John</td>
        <td>male</td>
        <td>26</td>
        <td>0</td>
        <td>0</td>
        <td>341826</td>
        <td>8.05000019</td>
        <td></td>
        <td>Southampton</td>
        <td></td>
        <td>103</td>
        <td>Bournemouth, England</td>
      </tr>
      <tr id="LC612" class="js-file-line">
        <td id="L612" class="blob-num js-line-number" data-line-number="612"></td>
        <td>611</td>
        <td>3rd</td>
        <td>0</td>
        <td>Ahlin, Mrs. Johan (Johanna Pers</td>
        <td>female</td>
        <td>40</td>
        <td>1</td>
        <td>0</td>
        <td>7546</td>
        <td>9.47500038</td>
        <td></td>
        <td>Southampton</td>
        <td></td>
        <td>NA</td>
        <td>Sweden Akeley, MN</td>
      </tr>
      <tr id="LC613" class="js-file-line">
        <td id="L613" class="blob-num js-line-number" data-line-number="613"></td>
        <td>612</td>
        <td>3rd</td>
        <td>1</td>
        <td>Aks, Master. Philip Frank</td>
        <td>male</td>
        <td>0.833299994</td>
        <td>0</td>
        <td>1</td>
        <td>392091</td>
        <td>9.35000038</td>
        <td></td>
        <td>Southampton</td>
        <td>11</td>
        <td>NA</td>
        <td>London, England Norfolk, VA</td>
      </tr>
      <tr id="LC614" class="js-file-line">
        <td id="L614" class="blob-num js-line-number" data-line-number="614"></td>
        <td>613</td>
        <td>3rd</td>
        <td>1</td>
        <td>Aks, Mrs. Sam (Leah Rosen)</td>
        <td>female</td>
        <td>18</td>
        <td>0</td>
        <td>1</td>
        <td>392091</td>
        <td>9.35000038</td>
        <td></td>
        <td>Southampton</td>
        <td>13</td>
        <td>NA</td>
        <td>London, England Norfolk, VA</td>
      </tr>
      <tr id="LC615" class="js-file-line">
        <td id="L615" class="blob-num js-line-number" data-line-number="615"></td>
        <td>614</td>
        <td>3rd</td>
        <td>1</td>
        <td>Albimona, Mr. Nassef Cassem</td>
        <td>male</td>
        <td>26</td>
        <td>0</td>
        <td>0</td>
        <td>2699</td>
        <td>18.7875004</td>
        <td></td>
        <td>Cherbourg</td>
        <td>15</td>
        <td>NA</td>
        <td>Syria Fredericksburg, VA</td>
      </tr>
      <tr id="LC616" class="js-file-line">
        <td id="L616" class="blob-num js-line-number" data-line-number="616"></td>
        <td>615</td>
        <td>3rd</td>
        <td>0</td>
        <td>Alexander, Mr. William</td>
        <td>male</td>
        <td>26</td>
        <td>0</td>
        <td>0</td>
        <td>3474</td>
        <td>7.88749981</td>
        <td></td>
        <td>Southampton</td>
        <td></td>
        <td>NA</td>
        <td>England Albion, NY</td>
      </tr>
      <tr id="LC617" class="js-file-line">
        <td id="L617" class="blob-num js-line-number" data-line-number="617"></td>
        <td>616</td>
        <td>3rd</td>
        <td>0</td>
        <td>Alhomaki, Mr. Ilmari Rudolf</td>
        <td>male</td>
        <td>20</td>
        <td>0</td>
        <td>0</td>
        <td>SOTON/O2 3101287</td>
        <td>7.92500019</td>
        <td></td>
        <td>Southampton</td>
        <td></td>
        <td>NA</td>
        <td>Salo, Finland Astoria, OR</td>
      </tr>
      <tr id="LC618" class="js-file-line">
        <td id="L618" class="blob-num js-line-number" data-line-number="618"></td>
        <td>617</td>
        <td>3rd</td>
        <td>0</td>
        <td>Ali, Mr. Ahmed</td>
        <td>male</td>
        <td>24</td>
        <td>0</td>
        <td>0</td>
        <td>SOTON/O.Q. 3101311</td>
        <td>7.05000019</td>
        <td></td>
        <td>Southampton</td>
        <td></td>
        <td>NA</td>
        <td></td>
      </tr>
      <tr id="LC619" class="js-file-line">
        <td id="L619" class="blob-num js-line-number" data-line-number="619"></td>
        <td>618</td>
        <td>3rd</td>
        <td>0</td>
        <td>Ali, Mr. William</td>
        <td>male</td>
        <td>25</td>
        <td>0</td>
        <td>0</td>
        <td>SOTON/O.Q. 3101312</td>
        <td>7.05000019</td>
        <td></td>
        <td>Southampton</td>
        <td></td>
        <td>79</td>
        <td>Argentina</td>
      </tr>
      <tr id="LC620" class="js-file-line">
        <td id="L620" class="blob-num js-line-number" data-line-number="620"></td>
        <td>619</td>
        <td>3rd</td>
        <td>0</td>
        <td>Allen, Mr. William Henry</td>
        <td>male</td>
        <td>35</td>
        <td>0</td>
        <td>0</td>
        <td>373450</td>
        <td>8.05000019</td>
        <td></td>
        <td>Southampton</td>
        <td></td>
        <td>NA</td>
        <td>Lower Clapton, Middlesex or Erd</td>
      </tr>
      <tr id="LC621" class="js-file-line">
        <td id="L621" class="blob-num js-line-number" data-line-number="621"></td>
        <td>620</td>
        <td>3rd</td>
        <td>0</td>
        <td>Allum, Mr. Owen George</td>
        <td>male</td>
        <td>18</td>
        <td>0</td>
        <td>0</td>
        <td>2223</td>
        <td>8.30000019</td>
        <td></td>
        <td>Southampton</td>
        <td></td>
        <td>259</td>
        <td>Windsor, England New York, NY</td>
      </tr>
      <tr id="LC622" class="js-file-line">
        <td id="L622" class="blob-num js-line-number" data-line-number="622"></td>
        <td>621</td>
        <td>3rd</td>
        <td>0</td>
        <td>Andersen, Mr. Albert Karvin</td>
        <td>male</td>
        <td>32</td>
        <td>0</td>
        <td>0</td>
        <td>C 4001</td>
        <td>22.5249996</td>
        <td></td>
        <td>Southampton</td>
        <td></td>
        <td>260</td>
        <td>Bergen, Norway</td>
      </tr>
      <tr id="LC623" class="js-file-line">
        <td id="L623" class="blob-num js-line-number" data-line-number="623"></td>
        <td>622</td>
        <td>3rd</td>
        <td>1</td>
        <td>Andersen-Jensen, Miss. Carla Ch</td>
        <td>female</td>
        <td>19</td>
        <td>1</td>
        <td>0</td>
        <td>350046</td>
        <td>7.85419989</td>
        <td></td>
        <td>Southampton</td>
        <td>16</td>
        <td>NA</td>
        <td></td>
      </tr>
      <tr id="LC624" class="js-file-line">
        <td id="L624" class="blob-num js-line-number" data-line-number="624"></td>
        <td>623</td>
        <td>3rd</td>
        <td>0</td>
        <td>Andersson, Master. Sigvard Hara</td>
        <td>male</td>
        <td>4</td>
        <td>4</td>
        <td>2</td>
        <td>347082</td>
        <td>31.2749996</td>
        <td></td>
        <td>Southampton</td>
        <td></td>
        <td>NA</td>
        <td>Sweden Winnipeg, MN</td>
      </tr>
      <tr id="LC625" class="js-file-line">
        <td id="L625" class="blob-num js-line-number" data-line-number="625"></td>
        <td>624</td>
        <td>3rd</td>
        <td>0</td>
        <td>Andersson, Miss. Ebba Iris Alfr</td>
        <td>female</td>
        <td>6</td>
        <td>4</td>
        <td>2</td>
        <td>347082</td>
        <td>31.2749996</td>
        <td></td>
        <td>Southampton</td>
        <td></td>
        <td>NA</td>
        <td>Sweden Winnipeg, MN</td>
      </tr>
      <tr id="LC626" class="js-file-line">
        <td id="L626" class="blob-num js-line-number" data-line-number="626"></td>
        <td>625</td>
        <td>3rd</td>
        <td>0</td>
        <td>Andersson, Miss. Ellis Anna Mar</td>
        <td>female</td>
        <td>2</td>
        <td>4</td>
        <td>2</td>
        <td>347082</td>
        <td>31.2749996</td>
        <td></td>
        <td>Southampton</td>
        <td></td>
        <td>NA</td>
        <td>Sweden Winnipeg, MN</td>
      </tr>
      <tr id="LC627" class="js-file-line">
        <td id="L627" class="blob-num js-line-number" data-line-number="627"></td>
        <td>626</td>
        <td>3rd</td>
        <td>1</td>
        <td>Andersson, Miss. Erna Alexandra</td>
        <td>female</td>
        <td>17</td>
        <td>4</td>
        <td>2</td>
        <td>3101281</td>
        <td>7.92500019</td>
        <td></td>
        <td>Southampton</td>
        <td>D</td>
        <td>NA</td>
        <td>Ruotsinphyhtaa, Finland New Yor</td>
      </tr>
      <tr id="LC628" class="js-file-line">
        <td id="L628" class="blob-num js-line-number" data-line-number="628"></td>
        <td>627</td>
        <td>3rd</td>
        <td>0</td>
        <td>Andersson, Miss. Ida Augusta Ma</td>
        <td>female</td>
        <td>38</td>
        <td>4</td>
        <td>2</td>
        <td>347091</td>
        <td>7.7750001</td>
        <td></td>
        <td>Southampton</td>
        <td></td>
        <td>NA</td>
        <td>Vadsbro, Sweden Ministee, MI</td>
      </tr>
      <tr id="LC629" class="js-file-line">
        <td id="L629" class="blob-num js-line-number" data-line-number="629"></td>
        <td>628</td>
        <td>3rd</td>
        <td>0</td>
        <td>Andersson, Miss. Ingeborg Const</td>
        <td>female</td>
        <td>9</td>
        <td>4</td>
        <td>2</td>
        <td>347082</td>
        <td>31.2749996</td>
        <td></td>
        <td>Southampton</td>
        <td></td>
        <td>NA</td>
        <td>Sweden Winnipeg, MN</td>
      </tr>
      <tr id="LC630" class="js-file-line">
        <td id="L630" class="blob-num js-line-number" data-line-number="630"></td>
        <td>629</td>
        <td>3rd</td>
        <td>0</td>
        <td>Andersson, Miss. Sigrid Elisabe</td>
        <td>female</td>
        <td>11</td>
        <td>4</td>
        <td>2</td>
        <td>347082</td>
        <td>31.2749996</td>
        <td></td>
        <td>Southampton</td>
        <td></td>
        <td>NA</td>
        <td>Sweden Winnipeg, MN</td>
      </tr>
      <tr id="LC631" class="js-file-line">
        <td id="L631" class="blob-num js-line-number" data-line-number="631"></td>
        <td>630</td>
        <td>3rd</td>
        <td>0</td>
        <td>Andersson, Mr. Anders Johan</td>
        <td>male</td>
        <td>39</td>
        <td>1</td>
        <td>5</td>
        <td>347082</td>
        <td>31.2749996</td>
        <td></td>
        <td>Southampton</td>
        <td></td>
        <td>NA</td>
        <td>Sweden Winnipeg, MN</td>
      </tr>
      <tr id="LC632" class="js-file-line">
        <td id="L632" class="blob-num js-line-number" data-line-number="632"></td>
        <td>631</td>
        <td>3rd</td>
        <td>1</td>
        <td>Andersson, Mr. August Edvard (\&quot;</td>
        <td>male</td>
        <td>27</td>
        <td>0</td>
        <td>0</td>
        <td>350043</td>
        <td>7.79580021</td>
        <td></td>
        <td>Southampton</td>
        <td>A</td>
        <td>NA</td>
        <td></td>
      </tr>
      <tr id="LC633" class="js-file-line">
        <td id="L633" class="blob-num js-line-number" data-line-number="633"></td>
        <td>632</td>
        <td>3rd</td>
        <td>0</td>
        <td>Andersson, Mr. Johan Samuel</td>
        <td>male</td>
        <td>26</td>
        <td>0</td>
        <td>0</td>
        <td>347075</td>
        <td>7.7750001</td>
        <td></td>
        <td>Southampton</td>
        <td></td>
        <td>NA</td>
        <td>Hartford, CT</td>
      </tr>
      <tr id="LC634" class="js-file-line">
        <td id="L634" class="blob-num js-line-number" data-line-number="634"></td>
        <td>633</td>
        <td>3rd</td>
        <td>0</td>
        <td>Andersson, Mrs. Anders Johan (A</td>
        <td>female</td>
        <td>39</td>
        <td>1</td>
        <td>5</td>
        <td>347082</td>
        <td>31.2749996</td>
        <td></td>
        <td>Southampton</td>
        <td></td>
        <td>NA</td>
        <td>Sweden Winnipeg, MN</td>
      </tr>
      <tr id="LC635" class="js-file-line">
        <td id="L635" class="blob-num js-line-number" data-line-number="635"></td>
        <td>634</td>
        <td>3rd</td>
        <td>0</td>
        <td>Andreasson, Mr. Paul Edvin</td>
        <td>male</td>
        <td>20</td>
        <td>0</td>
        <td>0</td>
        <td>347466</td>
        <td>7.85419989</td>
        <td></td>
        <td>Southampton</td>
        <td></td>
        <td>NA</td>
        <td>Sweden Chicago, IL</td>
      </tr>
      <tr id="LC636" class="js-file-line">
        <td id="L636" class="blob-num js-line-number" data-line-number="636"></td>
        <td>635</td>
        <td>3rd</td>
        <td>0</td>
        <td>Angheloff, Mr. Minko</td>
        <td>male</td>
        <td>26</td>
        <td>0</td>
        <td>0</td>
        <td>349202</td>
        <td>7.89580011</td>
        <td></td>
        <td>Southampton</td>
        <td></td>
        <td>NA</td>
        <td>Bulgaria Chicago, IL</td>
      </tr>
      <tr id="LC637" class="js-file-line">
        <td id="L637" class="blob-num js-line-number" data-line-number="637"></td>
        <td>636</td>
        <td>3rd</td>
        <td>0</td>
        <td>Arnold-Franchi, Mr. Josef</td>
        <td>male</td>
        <td>25</td>
        <td>1</td>
        <td>0</td>
        <td>349237</td>
        <td>17.7999992</td>
        <td></td>
        <td>Southampton</td>
        <td></td>
        <td>NA</td>
        <td>Altdorf, Switzerland</td>
      </tr>
      <tr id="LC638" class="js-file-line">
        <td id="L638" class="blob-num js-line-number" data-line-number="638"></td>
        <td>637</td>
        <td>3rd</td>
        <td>0</td>
        <td>Arnold-Franchi, Mrs. Josef (Jos</td>
        <td>female</td>
        <td>18</td>
        <td>1</td>
        <td>0</td>
        <td>349237</td>
        <td>17.7999992</td>
        <td></td>
        <td>Southampton</td>
        <td></td>
        <td>NA</td>
        <td>Altdorf, Switzerland</td>
      </tr>
      <tr id="LC639" class="js-file-line">
        <td id="L639" class="blob-num js-line-number" data-line-number="639"></td>
        <td>638</td>
        <td>3rd</td>
        <td>0</td>
        <td>Aronsson, Mr. Ernst Axel Algot</td>
        <td>male</td>
        <td>24</td>
        <td>0</td>
        <td>0</td>
        <td>349911</td>
        <td>7.7750001</td>
        <td></td>
        <td>Southampton</td>
        <td></td>
        <td>NA</td>
        <td>Sweden Joliet, IL</td>
      </tr>
      <tr id="LC640" class="js-file-line">
        <td id="L640" class="blob-num js-line-number" data-line-number="640"></td>
        <td>639</td>
        <td>3rd</td>
        <td>0</td>
        <td>Asim, Mr. Adola</td>
        <td>male</td>
        <td>35</td>
        <td>0</td>
        <td>0</td>
        <td>SOTON/O.Q. 3101310</td>
        <td>7.05000019</td>
        <td></td>
        <td>Southampton</td>
        <td></td>
        <td>NA</td>
        <td></td>
      </tr>
      <tr id="LC641" class="js-file-line">
        <td id="L641" class="blob-num js-line-number" data-line-number="641"></td>
        <td>640</td>
        <td>3rd</td>
        <td>0</td>
        <td>Asplund, Master. Carl Edgar</td>
        <td>male</td>
        <td>5</td>
        <td>4</td>
        <td>2</td>
        <td>347077</td>
        <td>31.3875008</td>
        <td></td>
        <td>Southampton</td>
        <td></td>
        <td>NA</td>
        <td>Sweden  Worcester, MA</td>
      </tr>
      <tr id="LC642" class="js-file-line">
        <td id="L642" class="blob-num js-line-number" data-line-number="642"></td>
        <td>641</td>
        <td>3rd</td>
        <td>0</td>
        <td>Asplund, Master. Clarence Gusta</td>
        <td>male</td>
        <td>9</td>
        <td>4</td>
        <td>2</td>
        <td>347077</td>
        <td>31.3875008</td>
        <td></td>
        <td>Southampton</td>
        <td></td>
        <td>NA</td>
        <td>Sweden Worcester, MA</td>
      </tr>
      <tr id="LC643" class="js-file-line">
        <td id="L643" class="blob-num js-line-number" data-line-number="643"></td>
        <td>642</td>
        <td>3rd</td>
        <td>1</td>
        <td>Asplund, Master. Edvin Rojj Fel</td>
        <td>male</td>
        <td>3</td>
        <td>4</td>
        <td>2</td>
        <td>347077</td>
        <td>31.3875008</td>
        <td></td>
        <td>Southampton</td>
        <td>15</td>
        <td>NA</td>
        <td>Sweden Worcester, MA</td>
      </tr>
      <tr id="LC644" class="js-file-line">
        <td id="L644" class="blob-num js-line-number" data-line-number="644"></td>
        <td>643</td>
        <td>3rd</td>
        <td>0</td>
        <td>Asplund, Master. Filip Oscar</td>
        <td>male</td>
        <td>13</td>
        <td>4</td>
        <td>2</td>
        <td>347077</td>
        <td>31.3875008</td>
        <td></td>
        <td>Southampton</td>
        <td></td>
        <td>NA</td>
        <td>Sweden Worcester, MA</td>
      </tr>
      <tr id="LC645" class="js-file-line">
        <td id="L645" class="blob-num js-line-number" data-line-number="645"></td>
        <td>644</td>
        <td>3rd</td>
        <td>1</td>
        <td>Asplund, Miss. Lillian Gertrud</td>
        <td>female</td>
        <td>5</td>
        <td>4</td>
        <td>2</td>
        <td>347077</td>
        <td>31.3875008</td>
        <td></td>
        <td>Southampton</td>
        <td>15</td>
        <td>NA</td>
        <td>Sweden Worcester, MA</td>
      </tr>
      <tr id="LC646" class="js-file-line">
        <td id="L646" class="blob-num js-line-number" data-line-number="646"></td>
        <td>645</td>
        <td>3rd</td>
        <td>0</td>
        <td>Asplund, Mr. Carl Oscar Vilhelm</td>
        <td>male</td>
        <td>40</td>
        <td>1</td>
        <td>5</td>
        <td>347077</td>
        <td>31.3875008</td>
        <td></td>
        <td>Southampton</td>
        <td></td>
        <td>142</td>
        <td>Sweden  Worcester, MA</td>
      </tr>
      <tr id="LC647" class="js-file-line">
        <td id="L647" class="blob-num js-line-number" data-line-number="647"></td>
        <td>646</td>
        <td>3rd</td>
        <td>1</td>
        <td>Asplund, Mr. Johan Charles</td>
        <td>male</td>
        <td>23</td>
        <td>0</td>
        <td>0</td>
        <td>350054</td>
        <td>7.79580021</td>
        <td></td>
        <td>Southampton</td>
        <td>13</td>
        <td>NA</td>
        <td>Oskarshamn, Sweden Minneapolis,</td>
      </tr>
      <tr id="LC648" class="js-file-line">
        <td id="L648" class="blob-num js-line-number" data-line-number="648"></td>
        <td>647</td>
        <td>3rd</td>
        <td>1</td>
        <td>Asplund, Mrs. Carl Oscar (Selma</td>
        <td>female</td>
        <td>38</td>
        <td>1</td>
        <td>5</td>
        <td>347077</td>
        <td>31.3875008</td>
        <td></td>
        <td>Southampton</td>
        <td>15</td>
        <td>NA</td>
        <td>Sweden  Worcester, MA</td>
      </tr>
      <tr id="LC649" class="js-file-line">
        <td id="L649" class="blob-num js-line-number" data-line-number="649"></td>
        <td>648</td>
        <td>3rd</td>
        <td>1</td>
        <td>Assaf Khalil, Mrs. Mariana (\&quot;Mi</td>
        <td>female</td>
        <td>45</td>
        <td>0</td>
        <td>0</td>
        <td>2696</td>
        <td>7.2249999</td>
        <td></td>
        <td>Cherbourg</td>
        <td>C</td>
        <td>NA</td>
        <td>Ottawa, ON</td>
      </tr>
      <tr id="LC650" class="js-file-line">
        <td id="L650" class="blob-num js-line-number" data-line-number="650"></td>
        <td>649</td>
        <td>3rd</td>
        <td>0</td>
        <td>Assaf, Mr. Gerios</td>
        <td>male</td>
        <td>21</td>
        <td>0</td>
        <td>0</td>
        <td>2692</td>
        <td>7.2249999</td>
        <td></td>
        <td>Cherbourg</td>
        <td></td>
        <td>NA</td>
        <td>Ottawa, ON</td>
      </tr>
      <tr id="LC651" class="js-file-line">
        <td id="L651" class="blob-num js-line-number" data-line-number="651"></td>
        <td>650</td>
        <td>3rd</td>
        <td>0</td>
        <td>Assam, Mr. Ali</td>
        <td>male</td>
        <td>23</td>
        <td>0</td>
        <td>0</td>
        <td>SOTON/O.Q. 3101309</td>
        <td>7.05000019</td>
        <td></td>
        <td>Southampton</td>
        <td></td>
        <td>NA</td>
        <td></td>
      </tr>
      <tr id="LC652" class="js-file-line">
        <td id="L652" class="blob-num js-line-number" data-line-number="652"></td>
        <td>651</td>
        <td>3rd</td>
        <td>0</td>
        <td>Attalah, Miss. Malake</td>
        <td>female</td>
        <td>17</td>
        <td>0</td>
        <td>0</td>
        <td>2627</td>
        <td>14.4582996</td>
        <td></td>
        <td>Cherbourg</td>
        <td></td>
        <td>NA</td>
        <td></td>
      </tr>
      <tr id="LC653" class="js-file-line">
        <td id="L653" class="blob-num js-line-number" data-line-number="653"></td>
        <td>652</td>
        <td>3rd</td>
        <td>0</td>
        <td>Attalah, Mr. Sleiman</td>
        <td>male</td>
        <td>30</td>
        <td>0</td>
        <td>0</td>
        <td>2694</td>
        <td>7.2249999</td>
        <td></td>
        <td>Cherbourg</td>
        <td></td>
        <td>NA</td>
        <td>Ottawa, ON</td>
      </tr>
      <tr id="LC654" class="js-file-line">
        <td id="L654" class="blob-num js-line-number" data-line-number="654"></td>
        <td>653</td>
        <td>3rd</td>
        <td>0</td>
        <td>Augustsson, Mr. Albert</td>
        <td>male</td>
        <td>23</td>
        <td>0</td>
        <td>0</td>
        <td>347468</td>
        <td>7.85419989</td>
        <td></td>
        <td>Southampton</td>
        <td></td>
        <td>NA</td>
        <td>Krakoryd, Sweden Bloomington, I</td>
      </tr>
      <tr id="LC655" class="js-file-line">
        <td id="L655" class="blob-num js-line-number" data-line-number="655"></td>
        <td>654</td>
        <td>3rd</td>
        <td>1</td>
        <td>Ayoub, Miss. Banoura</td>
        <td>female</td>
        <td>13</td>
        <td>0</td>
        <td>0</td>
        <td>2687</td>
        <td>7.22919989</td>
        <td></td>
        <td>Cherbourg</td>
        <td>C</td>
        <td>NA</td>
        <td>Syria Youngstown, OH</td>
      </tr>
      <tr id="LC656" class="js-file-line">
        <td id="L656" class="blob-num js-line-number" data-line-number="656"></td>
        <td>655</td>
        <td>3rd</td>
        <td>0</td>
        <td>Baccos, Mr. Raffull</td>
        <td>male</td>
        <td>20</td>
        <td>0</td>
        <td>0</td>
        <td>2679</td>
        <td>7.2249999</td>
        <td></td>
        <td>Cherbourg</td>
        <td></td>
        <td>NA</td>
        <td></td>
      </tr>
      <tr id="LC657" class="js-file-line">
        <td id="L657" class="blob-num js-line-number" data-line-number="657"></td>
        <td>656</td>
        <td>3rd</td>
        <td>0</td>
        <td>Backstrom, Mr. Karl Alfred</td>
        <td>male</td>
        <td>32</td>
        <td>1</td>
        <td>0</td>
        <td>3101278</td>
        <td>15.8500004</td>
        <td></td>
        <td>Southampton</td>
        <td>D</td>
        <td>NA</td>
        <td>Ruotsinphytaa, Finland New York</td>
      </tr>
      <tr id="LC658" class="js-file-line">
        <td id="L658" class="blob-num js-line-number" data-line-number="658"></td>
        <td>657</td>
        <td>3rd</td>
        <td>1</td>
        <td>Backstrom, Mrs. Karl Alfred (Ma</td>
        <td>female</td>
        <td>33</td>
        <td>3</td>
        <td>0</td>
        <td>3101278</td>
        <td>15.8500004</td>
        <td></td>
        <td>Southampton</td>
        <td></td>
        <td>NA</td>
        <td>Ruotsinphytaa, Finland New York</td>
      </tr>
      <tr id="LC659" class="js-file-line">
        <td id="L659" class="blob-num js-line-number" data-line-number="659"></td>
        <td>658</td>
        <td>3rd</td>
        <td>1</td>
        <td>Baclini, Miss. Eugenie</td>
        <td>female</td>
        <td>0.75</td>
        <td>2</td>
        <td>1</td>
        <td>2666</td>
        <td>19.2583008</td>
        <td></td>
        <td>Cherbourg</td>
        <td>C</td>
        <td>NA</td>
        <td>Syria New York, NY</td>
      </tr>
      <tr id="LC660" class="js-file-line">
        <td id="L660" class="blob-num js-line-number" data-line-number="660"></td>
        <td>659</td>
        <td>3rd</td>
        <td>1</td>
        <td>Baclini, Miss. Helene Barbara</td>
        <td>female</td>
        <td>0.75</td>
        <td>2</td>
        <td>1</td>
        <td>2666</td>
        <td>19.2583008</td>
        <td></td>
        <td>Cherbourg</td>
        <td>C</td>
        <td>NA</td>
        <td>Syria New York, NY</td>
      </tr>
      <tr id="LC661" class="js-file-line">
        <td id="L661" class="blob-num js-line-number" data-line-number="661"></td>
        <td>660</td>
        <td>3rd</td>
        <td>1</td>
        <td>Baclini, Miss. Marie Catherine</td>
        <td>female</td>
        <td>5</td>
        <td>2</td>
        <td>1</td>
        <td>2666</td>
        <td>19.2583008</td>
        <td></td>
        <td>Cherbourg</td>
        <td>C</td>
        <td>NA</td>
        <td>Syria New York, NY</td>
      </tr>
      <tr id="LC662" class="js-file-line">
        <td id="L662" class="blob-num js-line-number" data-line-number="662"></td>
        <td>661</td>
        <td>3rd</td>
        <td>1</td>
        <td>Baclini, Mrs. Solomon (Latifa Q</td>
        <td>female</td>
        <td>24</td>
        <td>0</td>
        <td>3</td>
        <td>2666</td>
        <td>19.2583008</td>
        <td></td>
        <td>Cherbourg</td>
        <td>C</td>
        <td>NA</td>
        <td>Syria New York, NY</td>
      </tr>
      <tr id="LC663" class="js-file-line">
        <td id="L663" class="blob-num js-line-number" data-line-number="663"></td>
        <td>662</td>
        <td>3rd</td>
        <td>1</td>
        <td>Badman, Miss. Emily Louisa</td>
        <td>female</td>
        <td>18</td>
        <td>0</td>
        <td>0</td>
        <td>A/4 31416</td>
        <td>8.05000019</td>
        <td></td>
        <td>Southampton</td>
        <td>C</td>
        <td>NA</td>
        <td>London Skanteales, NY</td>
      </tr>
      <tr id="LC664" class="js-file-line">
        <td id="L664" class="blob-num js-line-number" data-line-number="664"></td>
        <td>663</td>
        <td>3rd</td>
        <td>0</td>
        <td>Badt, Mr. Mohamed</td>
        <td>male</td>
        <td>40</td>
        <td>0</td>
        <td>0</td>
        <td>2623</td>
        <td>7.2249999</td>
        <td></td>
        <td>Cherbourg</td>
        <td></td>
        <td>NA</td>
        <td></td>
      </tr>
      <tr id="LC665" class="js-file-line">
        <td id="L665" class="blob-num js-line-number" data-line-number="665"></td>
        <td>664</td>
        <td>3rd</td>
        <td>0</td>
        <td>Balkic, Mr. Cerin</td>
        <td>male</td>
        <td>26</td>
        <td>0</td>
        <td>0</td>
        <td>349248</td>
        <td>7.89580011</td>
        <td></td>
        <td>Southampton</td>
        <td></td>
        <td>NA</td>
        <td></td>
      </tr>
      <tr id="LC666" class="js-file-line">
        <td id="L666" class="blob-num js-line-number" data-line-number="666"></td>
        <td>665</td>
        <td>3rd</td>
        <td>1</td>
        <td>Barah, Mr. Hanna Assi</td>
        <td>male</td>
        <td>20</td>
        <td>0</td>
        <td>0</td>
        <td>2663</td>
        <td>7.22919989</td>
        <td></td>
        <td>Cherbourg</td>
        <td>15</td>
        <td>NA</td>
        <td></td>
      </tr>
      <tr id="LC667" class="js-file-line">
        <td id="L667" class="blob-num js-line-number" data-line-number="667"></td>
        <td>666</td>
        <td>3rd</td>
        <td>0</td>
        <td>Barbara, Miss. Saiide</td>
        <td>female</td>
        <td>18</td>
        <td>0</td>
        <td>1</td>
        <td>2691</td>
        <td>14.4541998</td>
        <td></td>
        <td>Cherbourg</td>
        <td></td>
        <td>NA</td>
        <td>Syria Ottawa, ON</td>
      </tr>
      <tr id="LC668" class="js-file-line">
        <td id="L668" class="blob-num js-line-number" data-line-number="668"></td>
        <td>667</td>
        <td>3rd</td>
        <td>0</td>
        <td>Barbara, Mrs. (Catherine David)</td>
        <td>female</td>
        <td>45</td>
        <td>0</td>
        <td>1</td>
        <td>2691</td>
        <td>14.4541998</td>
        <td></td>
        <td>Cherbourg</td>
        <td></td>
        <td>NA</td>
        <td>Syria Ottawa, ON</td>
      </tr>
      <tr id="LC669" class="js-file-line">
        <td id="L669" class="blob-num js-line-number" data-line-number="669"></td>
        <td>668</td>
        <td>3rd</td>
        <td>0</td>
        <td>Barry, Miss. Julia</td>
        <td>female</td>
        <td>27</td>
        <td>0</td>
        <td>0</td>
        <td>330844</td>
        <td>7.87919998</td>
        <td></td>
        <td>Queenstown</td>
        <td></td>
        <td>NA</td>
        <td>New York, NY</td>
      </tr>
      <tr id="LC670" class="js-file-line">
        <td id="L670" class="blob-num js-line-number" data-line-number="670"></td>
        <td>669</td>
        <td>3rd</td>
        <td>0</td>
        <td>Barton, Mr. David John</td>
        <td>male</td>
        <td>22</td>
        <td>0</td>
        <td>0</td>
        <td>324669</td>
        <td>8.05000019</td>
        <td></td>
        <td>Southampton</td>
        <td></td>
        <td>NA</td>
        <td>England New York, NY</td>
      </tr>
      <tr id="LC671" class="js-file-line">
        <td id="L671" class="blob-num js-line-number" data-line-number="671"></td>
        <td>670</td>
        <td>3rd</td>
        <td>0</td>
        <td>Beavan, Mr. William Thomas</td>
        <td>male</td>
        <td>19</td>
        <td>0</td>
        <td>0</td>
        <td>323951</td>
        <td>8.05000019</td>
        <td></td>
        <td>Southampton</td>
        <td></td>
        <td>NA</td>
        <td>England</td>
      </tr>
      <tr id="LC672" class="js-file-line">
        <td id="L672" class="blob-num js-line-number" data-line-number="672"></td>
        <td>671</td>
        <td>3rd</td>
        <td>0</td>
        <td>Bengtsson, Mr. John Viktor</td>
        <td>male</td>
        <td>26</td>
        <td>0</td>
        <td>0</td>
        <td>347068</td>
        <td>7.7750001</td>
        <td></td>
        <td>Southampton</td>
        <td></td>
        <td>NA</td>
        <td>Krakudden, Sweden Moune, IL</td>
      </tr>
      <tr id="LC673" class="js-file-line">
        <td id="L673" class="blob-num js-line-number" data-line-number="673"></td>
        <td>672</td>
        <td>3rd</td>
        <td>0</td>
        <td>Berglund, Mr. Karl Ivar Sven</td>
        <td>male</td>
        <td>22</td>
        <td>0</td>
        <td>0</td>
        <td>PP 4348</td>
        <td>9.35000038</td>
        <td></td>
        <td>Southampton</td>
        <td></td>
        <td>NA</td>
        <td>Tranvik, Finland New York</td>
      </tr>
      <tr id="LC674" class="js-file-line">
        <td id="L674" class="blob-num js-line-number" data-line-number="674"></td>
        <td>673</td>
        <td>3rd</td>
        <td>0</td>
        <td>Betros, Master. Seman</td>
        <td>male</td>
        <td>NA</td>
        <td>0</td>
        <td>0</td>
        <td>2622</td>
        <td>7.22919989</td>
        <td></td>
        <td>Cherbourg</td>
        <td></td>
        <td>NA</td>
        <td></td>
      </tr>
      <tr id="LC675" class="js-file-line">
        <td id="L675" class="blob-num js-line-number" data-line-number="675"></td>
        <td>674</td>
        <td>3rd</td>
        <td>0</td>
        <td>Betros, Mr. Tannous</td>
        <td>male</td>
        <td>20</td>
        <td>0</td>
        <td>0</td>
        <td>2648</td>
        <td>4.01249981</td>
        <td></td>
        <td>Cherbourg</td>
        <td></td>
        <td>NA</td>
        <td>Syria</td>
      </tr>
      <tr id="LC676" class="js-file-line">
        <td id="L676" class="blob-num js-line-number" data-line-number="676"></td>
        <td>675</td>
        <td>3rd</td>
        <td>1</td>
        <td>Bing, Mr. Lee</td>
        <td>male</td>
        <td>32</td>
        <td>0</td>
        <td>0</td>
        <td>1601</td>
        <td>56.4958</td>
        <td></td>
        <td>Southampton</td>
        <td>C</td>
        <td>NA</td>
        <td>Hong Kong New York, NY</td>
      </tr>
      <tr id="LC677" class="js-file-line">
        <td id="L677" class="blob-num js-line-number" data-line-number="677"></td>
        <td>676</td>
        <td>3rd</td>
        <td>0</td>
        <td>Birkeland, Mr. Hans Martin Mons</td>
        <td>male</td>
        <td>21</td>
        <td>0</td>
        <td>0</td>
        <td>312992</td>
        <td>7.7750001</td>
        <td></td>
        <td>Southampton</td>
        <td></td>
        <td>NA</td>
        <td>Brennes, Norway New York</td>
      </tr>
      <tr id="LC678" class="js-file-line">
        <td id="L678" class="blob-num js-line-number" data-line-number="678"></td>
        <td>677</td>
        <td>3rd</td>
        <td>0</td>
        <td>Bjorklund, Mr. Ernst Herbert</td>
        <td>male</td>
        <td>18</td>
        <td>0</td>
        <td>0</td>
        <td>347090</td>
        <td>7.75</td>
        <td></td>
        <td>Southampton</td>
        <td></td>
        <td>NA</td>
        <td>Stockholm, Sweden New York</td>
      </tr>
      <tr id="LC679" class="js-file-line">
        <td id="L679" class="blob-num js-line-number" data-line-number="679"></td>
        <td>678</td>
        <td>3rd</td>
        <td>0</td>
        <td>Bostandyeff, Mr. Guentcho</td>
        <td>male</td>
        <td>26</td>
        <td>0</td>
        <td>0</td>
        <td>349224</td>
        <td>7.89580011</td>
        <td></td>
        <td>Southampton</td>
        <td></td>
        <td>NA</td>
        <td>Bulgaria Chicago, IL</td>
      </tr>
      <tr id="LC680" class="js-file-line">
        <td id="L680" class="blob-num js-line-number" data-line-number="680"></td>
        <td>679</td>
        <td>3rd</td>
        <td>0</td>
        <td>Boulos, Master. Akar</td>
        <td>male</td>
        <td>6</td>
        <td>1</td>
        <td>1</td>
        <td>2678</td>
        <td>15.2458</td>
        <td></td>
        <td>Cherbourg</td>
        <td></td>
        <td>NA</td>
        <td>Syria Kent, ON</td>
      </tr>
      <tr id="LC681" class="js-file-line">
        <td id="L681" class="blob-num js-line-number" data-line-number="681"></td>
        <td>680</td>
        <td>3rd</td>
        <td>0</td>
        <td>Boulos, Miss. Nourelain</td>
        <td>female</td>
        <td>9</td>
        <td>1</td>
        <td>1</td>
        <td>2678</td>
        <td>15.2458</td>
        <td></td>
        <td>Cherbourg</td>
        <td></td>
        <td>NA</td>
        <td>Syria Kent, ON</td>
      </tr>
      <tr id="LC682" class="js-file-line">
        <td id="L682" class="blob-num js-line-number" data-line-number="682"></td>
        <td>681</td>
        <td>3rd</td>
        <td>0</td>
        <td>Boulos, Mr. Hanna</td>
        <td>male</td>
        <td>NA</td>
        <td>0</td>
        <td>0</td>
        <td>2664</td>
        <td>7.2249999</td>
        <td></td>
        <td>Cherbourg</td>
        <td></td>
        <td>NA</td>
        <td>Syria</td>
      </tr>
      <tr id="LC683" class="js-file-line">
        <td id="L683" class="blob-num js-line-number" data-line-number="683"></td>
        <td>682</td>
        <td>3rd</td>
        <td>0</td>
        <td>Boulos, Mrs. Joseph (Sultana)</td>
        <td>female</td>
        <td>NA</td>
        <td>0</td>
        <td>2</td>
        <td>2678</td>
        <td>15.2458</td>
        <td></td>
        <td>Cherbourg</td>
        <td></td>
        <td>NA</td>
        <td>Syria Kent, ON</td>
      </tr>
      <tr id="LC684" class="js-file-line">
        <td id="L684" class="blob-num js-line-number" data-line-number="684"></td>
        <td>683</td>
        <td>3rd</td>
        <td>0</td>
        <td>Bourke, Miss. Mary</td>
        <td>female</td>
        <td>NA</td>
        <td>0</td>
        <td>2</td>
        <td>364848</td>
        <td>7.75</td>
        <td></td>
        <td>Queenstown</td>
        <td></td>
        <td>NA</td>
        <td>Ireland Chicago, IL</td>
      </tr>
      <tr id="LC685" class="js-file-line">
        <td id="L685" class="blob-num js-line-number" data-line-number="685"></td>
        <td>684</td>
        <td>3rd</td>
        <td>0</td>
        <td>Bourke, Mr. John</td>
        <td>male</td>
        <td>40</td>
        <td>1</td>
        <td>1</td>
        <td>364849</td>
        <td>15.5</td>
        <td></td>
        <td>Queenstown</td>
        <td></td>
        <td>NA</td>
        <td>Ireland Chicago, IL</td>
      </tr>
      <tr id="LC686" class="js-file-line">
        <td id="L686" class="blob-num js-line-number" data-line-number="686"></td>
        <td>685</td>
        <td>3rd</td>
        <td>0</td>
        <td>Bourke, Mrs. John (Catherine)</td>
        <td>female</td>
        <td>32</td>
        <td>1</td>
        <td>1</td>
        <td>364849</td>
        <td>15.5</td>
        <td></td>
        <td>Queenstown</td>
        <td></td>
        <td>NA</td>
        <td>Ireland Chicago, IL</td>
      </tr>
      <tr id="LC687" class="js-file-line">
        <td id="L687" class="blob-num js-line-number" data-line-number="687"></td>
        <td>686</td>
        <td>3rd</td>
        <td>0</td>
        <td>Bowen, Mr. David John \&quot;Dai\&quot;</td>
        <td>male</td>
        <td>21</td>
        <td>0</td>
        <td>0</td>
        <td>54636</td>
        <td>16.1000004</td>
        <td></td>
        <td>Southampton</td>
        <td></td>
        <td>NA</td>
        <td>Treherbert, Cardiff, Wales</td>
      </tr>
      <tr id="LC688" class="js-file-line">
        <td id="L688" class="blob-num js-line-number" data-line-number="688"></td>
        <td>687</td>
        <td>3rd</td>
        <td>1</td>
        <td>Bradley, Miss. Bridget Delia</td>
        <td>female</td>
        <td>22</td>
        <td>0</td>
        <td>0</td>
        <td>334914</td>
        <td>7.7249999</td>
        <td></td>
        <td>Queenstown</td>
        <td>13</td>
        <td>NA</td>
        <td>Kingwilliamstown, Co Cork, Irel</td>
      </tr>
      <tr id="LC689" class="js-file-line">
        <td id="L689" class="blob-num js-line-number" data-line-number="689"></td>
        <td>688</td>
        <td>3rd</td>
        <td>0</td>
        <td>Braf, Miss. Elin Ester Maria</td>
        <td>female</td>
        <td>20</td>
        <td>0</td>
        <td>0</td>
        <td>347471</td>
        <td>7.85419989</td>
        <td></td>
        <td>Southampton</td>
        <td></td>
        <td>NA</td>
        <td>Medeltorp, Sweden Chicago, IL</td>
      </tr>
      <tr id="LC690" class="js-file-line">
        <td id="L690" class="blob-num js-line-number" data-line-number="690"></td>
        <td>689</td>
        <td>3rd</td>
        <td>0</td>
        <td>Braund, Mr. Lewis Richard</td>
        <td>male</td>
        <td>29</td>
        <td>1</td>
        <td>0</td>
        <td>3460</td>
        <td>7.04580021</td>
        <td></td>
        <td>Southampton</td>
        <td></td>
        <td>NA</td>
        <td>Bridgerule, Devon</td>
      </tr>
      <tr id="LC691" class="js-file-line">
        <td id="L691" class="blob-num js-line-number" data-line-number="691"></td>
        <td>690</td>
        <td>3rd</td>
        <td>0</td>
        <td>Braund, Mr. Owen Harris</td>
        <td>male</td>
        <td>22</td>
        <td>1</td>
        <td>0</td>
        <td>A/5 21171</td>
        <td>7.25</td>
        <td></td>
        <td>Southampton</td>
        <td></td>
        <td>NA</td>
        <td>Bridgerule, Devon</td>
      </tr>
      <tr id="LC692" class="js-file-line">
        <td id="L692" class="blob-num js-line-number" data-line-number="692"></td>
        <td>691</td>
        <td>3rd</td>
        <td>0</td>
        <td>Brobeck, Mr. Karl Rudolf</td>
        <td>male</td>
        <td>22</td>
        <td>0</td>
        <td>0</td>
        <td>350045</td>
        <td>7.79580021</td>
        <td></td>
        <td>Southampton</td>
        <td></td>
        <td>NA</td>
        <td>Sweden Worcester, MA</td>
      </tr>
      <tr id="LC693" class="js-file-line">
        <td id="L693" class="blob-num js-line-number" data-line-number="693"></td>
        <td>692</td>
        <td>3rd</td>
        <td>0</td>
        <td>Brocklebank, Mr. William Alfred</td>
        <td>male</td>
        <td>35</td>
        <td>0</td>
        <td>0</td>
        <td>364512</td>
        <td>8.05000019</td>
        <td></td>
        <td>Southampton</td>
        <td></td>
        <td>NA</td>
        <td>Broomfield, Chelmsford, England</td>
      </tr>
      <tr id="LC694" class="js-file-line">
        <td id="L694" class="blob-num js-line-number" data-line-number="694"></td>
        <td>693</td>
        <td>3rd</td>
        <td>0</td>
        <td>Buckley, Miss. Katherine</td>
        <td>female</td>
        <td>18.5</td>
        <td>0</td>
        <td>0</td>
        <td>329944</td>
        <td>7.28329992</td>
        <td></td>
        <td>Queenstown</td>
        <td></td>
        <td>299</td>
        <td>Co Cork, Ireland Roxbury, MA</td>
      </tr>
      <tr id="LC695" class="js-file-line">
        <td id="L695" class="blob-num js-line-number" data-line-number="695"></td>
        <td>694</td>
        <td>3rd</td>
        <td>1</td>
        <td>Buckley, Mr. Daniel</td>
        <td>male</td>
        <td>21</td>
        <td>0</td>
        <td>0</td>
        <td>330920</td>
        <td>7.82079983</td>
        <td></td>
        <td>Queenstown</td>
        <td>13</td>
        <td>NA</td>
        <td>Kingwilliamstown, Co Cork, Irel</td>
      </tr>
      <tr id="LC696" class="js-file-line">
        <td id="L696" class="blob-num js-line-number" data-line-number="696"></td>
        <td>695</td>
        <td>3rd</td>
        <td>0</td>
        <td>Burke, Mr. Jeremiah</td>
        <td>male</td>
        <td>19</td>
        <td>0</td>
        <td>0</td>
        <td>365222</td>
        <td>6.75</td>
        <td></td>
        <td>Queenstown</td>
        <td></td>
        <td>NA</td>
        <td>Co Cork, Ireland Charlestown, M</td>
      </tr>
      <tr id="LC697" class="js-file-line">
        <td id="L697" class="blob-num js-line-number" data-line-number="697"></td>
        <td>696</td>
        <td>3rd</td>
        <td>0</td>
        <td>Burns, Miss. Mary Delia</td>
        <td>female</td>
        <td>18</td>
        <td>0</td>
        <td>0</td>
        <td>330963</td>
        <td>7.87919998</td>
        <td></td>
        <td>Queenstown</td>
        <td></td>
        <td>NA</td>
        <td>Co Sligo, Ireland New York, NY</td>
      </tr>
      <tr id="LC698" class="js-file-line">
        <td id="L698" class="blob-num js-line-number" data-line-number="698"></td>
        <td>697</td>
        <td>3rd</td>
        <td>0</td>
        <td>Cacic, Miss. Manda</td>
        <td>female</td>
        <td>21</td>
        <td>0</td>
        <td>0</td>
        <td>315087</td>
        <td>8.66250038</td>
        <td></td>
        <td>Southampton</td>
        <td></td>
        <td>NA</td>
        <td></td>
      </tr>
      <tr id="LC699" class="js-file-line">
        <td id="L699" class="blob-num js-line-number" data-line-number="699"></td>
        <td>698</td>
        <td>3rd</td>
        <td>0</td>
        <td>Cacic, Miss. Marija</td>
        <td>female</td>
        <td>30</td>
        <td>0</td>
        <td>0</td>
        <td>315084</td>
        <td>8.66250038</td>
        <td></td>
        <td>Southampton</td>
        <td></td>
        <td>NA</td>
        <td></td>
      </tr>
      <tr id="LC700" class="js-file-line">
        <td id="L700" class="blob-num js-line-number" data-line-number="700"></td>
        <td>699</td>
        <td>3rd</td>
        <td>0</td>
        <td>Cacic, Mr. Jego Grga</td>
        <td>male</td>
        <td>18</td>
        <td>0</td>
        <td>0</td>
        <td>315091</td>
        <td>8.66250038</td>
        <td></td>
        <td>Southampton</td>
        <td></td>
        <td>NA</td>
        <td></td>
      </tr>
      <tr id="LC701" class="js-file-line">
        <td id="L701" class="blob-num js-line-number" data-line-number="701"></td>
        <td>700</td>
        <td>3rd</td>
        <td>0</td>
        <td>Cacic, Mr. Luka</td>
        <td>male</td>
        <td>38</td>
        <td>0</td>
        <td>0</td>
        <td>315089</td>
        <td>8.66250038</td>
        <td></td>
        <td>Southampton</td>
        <td></td>
        <td>NA</td>
        <td>Croatia</td>
      </tr>
      <tr id="LC702" class="js-file-line">
        <td id="L702" class="blob-num js-line-number" data-line-number="702"></td>
        <td>701</td>
        <td>3rd</td>
        <td>0</td>
        <td>Calic, Mr. Jovo</td>
        <td>male</td>
        <td>17</td>
        <td>0</td>
        <td>0</td>
        <td>315093</td>
        <td>8.66250038</td>
        <td></td>
        <td>Southampton</td>
        <td></td>
        <td>NA</td>
        <td></td>
      </tr>
      <tr id="LC703" class="js-file-line">
        <td id="L703" class="blob-num js-line-number" data-line-number="703"></td>
        <td>702</td>
        <td>3rd</td>
        <td>0</td>
        <td>Calic, Mr. Petar</td>
        <td>male</td>
        <td>17</td>
        <td>0</td>
        <td>0</td>
        <td>315086</td>
        <td>8.66250038</td>
        <td></td>
        <td>Southampton</td>
        <td></td>
        <td>NA</td>
        <td></td>
      </tr>
      <tr id="LC704" class="js-file-line">
        <td id="L704" class="blob-num js-line-number" data-line-number="704"></td>
        <td>703</td>
        <td>3rd</td>
        <td>0</td>
        <td>Canavan, Miss. Mary</td>
        <td>female</td>
        <td>21</td>
        <td>0</td>
        <td>0</td>
        <td>364846</td>
        <td>7.75</td>
        <td></td>
        <td>Queenstown</td>
        <td></td>
        <td>NA</td>
        <td></td>
      </tr>
      <tr id="LC705" class="js-file-line">
        <td id="L705" class="blob-num js-line-number" data-line-number="705"></td>
        <td>704</td>
        <td>3rd</td>
        <td>0</td>
        <td>Canavan, Mr. Patrick</td>
        <td>male</td>
        <td>21</td>
        <td>0</td>
        <td>0</td>
        <td>364858</td>
        <td>7.75</td>
        <td></td>
        <td>Queenstown</td>
        <td></td>
        <td>NA</td>
        <td>Ireland Philadelphia, PA</td>
      </tr>
      <tr id="LC706" class="js-file-line">
        <td id="L706" class="blob-num js-line-number" data-line-number="706"></td>
        <td>705</td>
        <td>3rd</td>
        <td>0</td>
        <td>Cann, Mr. Ernest Charles</td>
        <td>male</td>
        <td>21</td>
        <td>0</td>
        <td>0</td>
        <td>A./5. 2152</td>
        <td>8.05000019</td>
        <td></td>
        <td>Southampton</td>
        <td></td>
        <td>NA</td>
        <td></td>
      </tr>
      <tr id="LC707" class="js-file-line">
        <td id="L707" class="blob-num js-line-number" data-line-number="707"></td>
        <td>706</td>
        <td>3rd</td>
        <td>0</td>
        <td>Caram, Mr. Joseph</td>
        <td>male</td>
        <td>NA</td>
        <td>1</td>
        <td>0</td>
        <td>2689</td>
        <td>14.4582996</td>
        <td></td>
        <td>Cherbourg</td>
        <td></td>
        <td>NA</td>
        <td>Ottawa, ON</td>
      </tr>
      <tr id="LC708" class="js-file-line">
        <td id="L708" class="blob-num js-line-number" data-line-number="708"></td>
        <td>707</td>
        <td>3rd</td>
        <td>0</td>
        <td>Caram, Mrs. Joseph (Maria Elias</td>
        <td>female</td>
        <td>NA</td>
        <td>1</td>
        <td>0</td>
        <td>2689</td>
        <td>14.4582996</td>
        <td></td>
        <td>Cherbourg</td>
        <td></td>
        <td>NA</td>
        <td>Ottawa, ON</td>
      </tr>
      <tr id="LC709" class="js-file-line">
        <td id="L709" class="blob-num js-line-number" data-line-number="709"></td>
        <td>708</td>
        <td>3rd</td>
        <td>0</td>
        <td>Carlsson, Mr. August Sigfrid</td>
        <td>male</td>
        <td>28</td>
        <td>0</td>
        <td>0</td>
        <td>350042</td>
        <td>7.79580021</td>
        <td></td>
        <td>Southampton</td>
        <td></td>
        <td>NA</td>
        <td>Dagsas, Sweden Fower, MN</td>
      </tr>
      <tr id="LC710" class="js-file-line">
        <td id="L710" class="blob-num js-line-number" data-line-number="710"></td>
        <td>709</td>
        <td>3rd</td>
        <td>0</td>
        <td>Carlsson, Mr. Carl Robert</td>
        <td>male</td>
        <td>24</td>
        <td>0</td>
        <td>0</td>
        <td>350409</td>
        <td>7.85419989</td>
        <td></td>
        <td>Southampton</td>
        <td></td>
        <td>NA</td>
        <td>Goteborg, Sweden Huntley, IL</td>
      </tr>
      <tr id="LC711" class="js-file-line">
        <td id="L711" class="blob-num js-line-number" data-line-number="711"></td>
        <td>710</td>
        <td>3rd</td>
        <td>1</td>
        <td>Carr, Miss. Helen \&quot;Ellen\&quot;</td>
        <td>female</td>
        <td>16</td>
        <td>0</td>
        <td>0</td>
        <td>367231</td>
        <td>7.75</td>
        <td></td>
        <td>Queenstown</td>
        <td>16</td>
        <td>NA</td>
        <td>Co Longford, Ireland New York,</td>
      </tr>
      <tr id="LC712" class="js-file-line">
        <td id="L712" class="blob-num js-line-number" data-line-number="712"></td>
        <td>711</td>
        <td>3rd</td>
        <td>0</td>
        <td>Carr, Miss. Jeannie</td>
        <td>female</td>
        <td>37</td>
        <td>0</td>
        <td>0</td>
        <td>368364</td>
        <td>7.75</td>
        <td></td>
        <td>Queenstown</td>
        <td></td>
        <td>NA</td>
        <td>Co Sligo, Ireland Hartford, CT</td>
      </tr>
      <tr id="LC713" class="js-file-line">
        <td id="L713" class="blob-num js-line-number" data-line-number="713"></td>
        <td>712</td>
        <td>3rd</td>
        <td>0</td>
        <td>Carver, Mr. Alfred John</td>
        <td>male</td>
        <td>28</td>
        <td>0</td>
        <td>0</td>
        <td>392095</td>
        <td>7.25</td>
        <td></td>
        <td>Southampton</td>
        <td></td>
        <td>NA</td>
        <td>St Denys, Southampton, Hants</td>
      </tr>
      <tr id="LC714" class="js-file-line">
        <td id="L714" class="blob-num js-line-number" data-line-number="714"></td>
        <td>713</td>
        <td>3rd</td>
        <td>0</td>
        <td>Celotti, Mr. Francesco</td>
        <td>male</td>
        <td>24</td>
        <td>0</td>
        <td>0</td>
        <td>343275</td>
        <td>8.05000019</td>
        <td></td>
        <td>Southampton</td>
        <td></td>
        <td>NA</td>
        <td>London</td>
      </tr>
      <tr id="LC715" class="js-file-line">
        <td id="L715" class="blob-num js-line-number" data-line-number="715"></td>
        <td>714</td>
        <td>3rd</td>
        <td>0</td>
        <td>Charters, Mr. David</td>
        <td>male</td>
        <td>21</td>
        <td>0</td>
        <td>0</td>
        <td>A/5. 13032</td>
        <td>7.73330021</td>
        <td></td>
        <td>Queenstown</td>
        <td></td>
        <td>NA</td>
        <td>Ireland New York, NY</td>
      </tr>
      <tr id="LC716" class="js-file-line">
        <td id="L716" class="blob-num js-line-number" data-line-number="716"></td>
        <td>715</td>
        <td>3rd</td>
        <td>1</td>
        <td>Chip, Mr. Chang</td>
        <td>male</td>
        <td>32</td>
        <td>0</td>
        <td>0</td>
        <td>1601</td>
        <td>56.4958</td>
        <td></td>
        <td>Southampton</td>
        <td>C</td>
        <td>NA</td>
        <td>Hong Kong New York, NY</td>
      </tr>
      <tr id="LC717" class="js-file-line">
        <td id="L717" class="blob-num js-line-number" data-line-number="717"></td>
        <td>716</td>
        <td>3rd</td>
        <td>0</td>
        <td>Christmann, Mr. Emil</td>
        <td>male</td>
        <td>29</td>
        <td>0</td>
        <td>0</td>
        <td>343276</td>
        <td>8.05000019</td>
        <td></td>
        <td>Southampton</td>
        <td></td>
        <td>NA</td>
        <td></td>
      </tr>
      <tr id="LC718" class="js-file-line">
        <td id="L718" class="blob-num js-line-number" data-line-number="718"></td>
        <td>717</td>
        <td>3rd</td>
        <td>0</td>
        <td>Chronopoulos, Mr. Apostolos</td>
        <td>male</td>
        <td>26</td>
        <td>1</td>
        <td>0</td>
        <td>2680</td>
        <td>14.4541998</td>
        <td></td>
        <td>Cherbourg</td>
        <td></td>
        <td>NA</td>
        <td>Greece</td>
      </tr>
      <tr id="LC719" class="js-file-line">
        <td id="L719" class="blob-num js-line-number" data-line-number="719"></td>
        <td>718</td>
        <td>3rd</td>
        <td>0</td>
        <td>Chronopoulos, Mr. Demetrios</td>
        <td>male</td>
        <td>18</td>
        <td>1</td>
        <td>0</td>
        <td>2680</td>
        <td>14.4541998</td>
        <td></td>
        <td>Cherbourg</td>
        <td></td>
        <td>NA</td>
        <td>Greece</td>
      </tr>
      <tr id="LC720" class="js-file-line">
        <td id="L720" class="blob-num js-line-number" data-line-number="720"></td>
        <td>719</td>
        <td>3rd</td>
        <td>0</td>
        <td>Coelho, Mr. Domingos Fernandeo</td>
        <td>male</td>
        <td>20</td>
        <td>0</td>
        <td>0</td>
        <td>SOTON/O.Q. 3101307</td>
        <td>7.05000019</td>
        <td></td>
        <td>Southampton</td>
        <td></td>
        <td>NA</td>
        <td>Portugal</td>
      </tr>
      <tr id="LC721" class="js-file-line">
        <td id="L721" class="blob-num js-line-number" data-line-number="721"></td>
        <td>720</td>
        <td>3rd</td>
        <td>1</td>
        <td>Cohen, Mr. Gurshon \&quot;Gus\&quot;</td>
        <td>male</td>
        <td>18</td>
        <td>0</td>
        <td>0</td>
        <td>A/5 3540</td>
        <td>8.05000019</td>
        <td></td>
        <td>Southampton</td>
        <td>12</td>
        <td>NA</td>
        <td>London Brooklyn, NY</td>
      </tr>
      <tr id="LC722" class="js-file-line">
        <td id="L722" class="blob-num js-line-number" data-line-number="722"></td>
        <td>721</td>
        <td>3rd</td>
        <td>0</td>
        <td>Colbert, Mr. Patrick</td>
        <td>male</td>
        <td>24</td>
        <td>0</td>
        <td>0</td>
        <td>371109</td>
        <td>7.25</td>
        <td></td>
        <td>Queenstown</td>
        <td></td>
        <td>NA</td>
        <td>Co Limerick, Ireland Sherbrooke</td>
      </tr>
      <tr id="LC723" class="js-file-line">
        <td id="L723" class="blob-num js-line-number" data-line-number="723"></td>
        <td>722</td>
        <td>3rd</td>
        <td>0</td>
        <td>Coleff, Mr. Peju</td>
        <td>male</td>
        <td>36</td>
        <td>0</td>
        <td>0</td>
        <td>349210</td>
        <td>7.49580002</td>
        <td></td>
        <td>Southampton</td>
        <td></td>
        <td>NA</td>
        <td>Bulgaria Chicago, IL</td>
      </tr>
      <tr id="LC724" class="js-file-line">
        <td id="L724" class="blob-num js-line-number" data-line-number="724"></td>
        <td>723</td>
        <td>3rd</td>
        <td>0</td>
        <td>Coleff, Mr. Satio</td>
        <td>male</td>
        <td>24</td>
        <td>0</td>
        <td>0</td>
        <td>349209</td>
        <td>7.49580002</td>
        <td></td>
        <td>Southampton</td>
        <td></td>
        <td>NA</td>
        <td></td>
      </tr>
      <tr id="LC725" class="js-file-line">
        <td id="L725" class="blob-num js-line-number" data-line-number="725"></td>
        <td>724</td>
        <td>3rd</td>
        <td>0</td>
        <td>Conlon, Mr. Thomas Henry</td>
        <td>male</td>
        <td>31</td>
        <td>0</td>
        <td>0</td>
        <td>21332</td>
        <td>7.73330021</td>
        <td></td>
        <td>Queenstown</td>
        <td></td>
        <td>NA</td>
        <td>Philadelphia, PA</td>
      </tr>
      <tr id="LC726" class="js-file-line">
        <td id="L726" class="blob-num js-line-number" data-line-number="726"></td>
        <td>725</td>
        <td>3rd</td>
        <td>0</td>
        <td>Connaghton, Mr. Michael</td>
        <td>male</td>
        <td>31</td>
        <td>0</td>
        <td>0</td>
        <td>335097</td>
        <td>7.75</td>
        <td></td>
        <td>Queenstown</td>
        <td></td>
        <td>NA</td>
        <td>Ireland Brooklyn, NY</td>
      </tr>
      <tr id="LC727" class="js-file-line">
        <td id="L727" class="blob-num js-line-number" data-line-number="727"></td>
        <td>726</td>
        <td>3rd</td>
        <td>1</td>
        <td>Connolly, Miss. Kate</td>
        <td>female</td>
        <td>22</td>
        <td>0</td>
        <td>0</td>
        <td>370373</td>
        <td>7.75</td>
        <td></td>
        <td>Queenstown</td>
        <td>13</td>
        <td>NA</td>
        <td>Ireland</td>
      </tr>
      <tr id="LC728" class="js-file-line">
        <td id="L728" class="blob-num js-line-number" data-line-number="728"></td>
        <td>727</td>
        <td>3rd</td>
        <td>0</td>
        <td>Connolly, Miss. Kate</td>
        <td>female</td>
        <td>30</td>
        <td>0</td>
        <td>0</td>
        <td>330972</td>
        <td>7.62919998</td>
        <td></td>
        <td>Queenstown</td>
        <td></td>
        <td>NA</td>
        <td>Ireland</td>
      </tr>
      <tr id="LC729" class="js-file-line">
        <td id="L729" class="blob-num js-line-number" data-line-number="729"></td>
        <td>728</td>
        <td>3rd</td>
        <td>0</td>
        <td>Connors, Mr. Patrick</td>
        <td>male</td>
        <td>70.5</td>
        <td>0</td>
        <td>0</td>
        <td>370369</td>
        <td>7.75</td>
        <td></td>
        <td>Queenstown</td>
        <td></td>
        <td>171</td>
        <td></td>
      </tr>
      <tr id="LC730" class="js-file-line">
        <td id="L730" class="blob-num js-line-number" data-line-number="730"></td>
        <td>729</td>
        <td>3rd</td>
        <td>0</td>
        <td>Cook, Mr. Jacob</td>
        <td>male</td>
        <td>43</td>
        <td>0</td>
        <td>0</td>
        <td>A/5 3536</td>
        <td>8.05000019</td>
        <td></td>
        <td>Southampton</td>
        <td></td>
        <td>NA</td>
        <td></td>
      </tr>
      <tr id="LC731" class="js-file-line">
        <td id="L731" class="blob-num js-line-number" data-line-number="731"></td>
        <td>730</td>
        <td>3rd</td>
        <td>0</td>
        <td>Cor, Mr. Bartol</td>
        <td>male</td>
        <td>35</td>
        <td>0</td>
        <td>0</td>
        <td>349230</td>
        <td>7.89580011</td>
        <td></td>
        <td>Southampton</td>
        <td></td>
        <td>NA</td>
        <td>Austria</td>
      </tr>
      <tr id="LC732" class="js-file-line">
        <td id="L732" class="blob-num js-line-number" data-line-number="732"></td>
        <td>731</td>
        <td>3rd</td>
        <td>0</td>
        <td>Cor, Mr. Ivan</td>
        <td>male</td>
        <td>27</td>
        <td>0</td>
        <td>0</td>
        <td>349229</td>
        <td>7.89580011</td>
        <td></td>
        <td>Southampton</td>
        <td></td>
        <td>NA</td>
        <td>Austria</td>
      </tr>
      <tr id="LC733" class="js-file-line">
        <td id="L733" class="blob-num js-line-number" data-line-number="733"></td>
        <td>732</td>
        <td>3rd</td>
        <td>0</td>
        <td>Cor, Mr. Liudevit</td>
        <td>male</td>
        <td>19</td>
        <td>0</td>
        <td>0</td>
        <td>349231</td>
        <td>7.89580011</td>
        <td></td>
        <td>Southampton</td>
        <td></td>
        <td>NA</td>
        <td>Austria</td>
      </tr>
      <tr id="LC734" class="js-file-line">
        <td id="L734" class="blob-num js-line-number" data-line-number="734"></td>
        <td>733</td>
        <td>3rd</td>
        <td>0</td>
        <td>Corn, Mr. Harry</td>
        <td>male</td>
        <td>30</td>
        <td>0</td>
        <td>0</td>
        <td>SOTON/OQ 392090</td>
        <td>8.05000019</td>
        <td></td>
        <td>Southampton</td>
        <td></td>
        <td>NA</td>
        <td>London</td>
      </tr>
      <tr id="LC735" class="js-file-line">
        <td id="L735" class="blob-num js-line-number" data-line-number="735"></td>
        <td>734</td>
        <td>3rd</td>
        <td>1</td>
        <td>Coutts, Master. Eden Leslie \&quot;Ne</td>
        <td>male</td>
        <td>9</td>
        <td>1</td>
        <td>1</td>
        <td>C.A. 37671</td>
        <td>15.8999996</td>
        <td></td>
        <td>Southampton</td>
        <td>2</td>
        <td>NA</td>
        <td>England Brooklyn, NY</td>
      </tr>
      <tr id="LC736" class="js-file-line">
        <td id="L736" class="blob-num js-line-number" data-line-number="736"></td>
        <td>735</td>
        <td>3rd</td>
        <td>1</td>
        <td>Coutts, Master. William Loch \&quot;W</td>
        <td>male</td>
        <td>3</td>
        <td>1</td>
        <td>1</td>
        <td>C.A. 37671</td>
        <td>15.8999996</td>
        <td></td>
        <td>Southampton</td>
        <td>2</td>
        <td>NA</td>
        <td>England Brooklyn, NY</td>
      </tr>
      <tr id="LC737" class="js-file-line">
        <td id="L737" class="blob-num js-line-number" data-line-number="737"></td>
        <td>736</td>
        <td>3rd</td>
        <td>1</td>
        <td>Coutts, Mrs. William (Winnie \&quot;M</td>
        <td>female</td>
        <td>36</td>
        <td>0</td>
        <td>2</td>
        <td>C.A. 37671</td>
        <td>15.8999996</td>
        <td></td>
        <td>Southampton</td>
        <td>2</td>
        <td>NA</td>
        <td>England Brooklyn, NY</td>
      </tr>
      <tr id="LC738" class="js-file-line">
        <td id="L738" class="blob-num js-line-number" data-line-number="738"></td>
        <td>737</td>
        <td>3rd</td>
        <td>0</td>
        <td>Coxon, Mr. Daniel</td>
        <td>male</td>
        <td>59</td>
        <td>0</td>
        <td>0</td>
        <td>364500</td>
        <td>7.25</td>
        <td></td>
        <td>Southampton</td>
        <td></td>
        <td>NA</td>
        <td>Merrill, WI</td>
      </tr>
      <tr id="LC739" class="js-file-line">
        <td id="L739" class="blob-num js-line-number" data-line-number="739"></td>
        <td>738</td>
        <td>3rd</td>
        <td>0</td>
        <td>Crease, Mr. Ernest James</td>
        <td>male</td>
        <td>19</td>
        <td>0</td>
        <td>0</td>
        <td>S.P. 3464</td>
        <td>8.1583004</td>
        <td></td>
        <td>Southampton</td>
        <td></td>
        <td>NA</td>
        <td>Bristol, England Cleveland, OH</td>
      </tr>
      <tr id="LC740" class="js-file-line">
        <td id="L740" class="blob-num js-line-number" data-line-number="740"></td>
        <td>739</td>
        <td>3rd</td>
        <td>1</td>
        <td>Cribb, Miss. Laura Alice</td>
        <td>female</td>
        <td>17</td>
        <td>0</td>
        <td>1</td>
        <td>371362</td>
        <td>16.1000004</td>
        <td></td>
        <td>Southampton</td>
        <td>12</td>
        <td>NA</td>
        <td>Bournemouth, England Newark, NJ</td>
      </tr>
      <tr id="LC741" class="js-file-line">
        <td id="L741" class="blob-num js-line-number" data-line-number="741"></td>
        <td>740</td>
        <td>3rd</td>
        <td>0</td>
        <td>Cribb, Mr. John Hatfield</td>
        <td>male</td>
        <td>44</td>
        <td>0</td>
        <td>1</td>
        <td>371362</td>
        <td>16.1000004</td>
        <td></td>
        <td>Southampton</td>
        <td></td>
        <td>NA</td>
        <td>Bournemouth, England Newark, NJ</td>
      </tr>
      <tr id="LC742" class="js-file-line">
        <td id="L742" class="blob-num js-line-number" data-line-number="742"></td>
        <td>741</td>
        <td>3rd</td>
        <td>0</td>
        <td>Culumovic, Mr. Jeso</td>
        <td>male</td>
        <td>17</td>
        <td>0</td>
        <td>0</td>
        <td>315090</td>
        <td>8.66250038</td>
        <td></td>
        <td>Southampton</td>
        <td></td>
        <td>NA</td>
        <td>Austria-Hungary</td>
      </tr>
      <tr id="LC743" class="js-file-line">
        <td id="L743" class="blob-num js-line-number" data-line-number="743"></td>
        <td>742</td>
        <td>3rd</td>
        <td>0</td>
        <td>Daher, Mr. Shedid</td>
        <td>male</td>
        <td>22.5</td>
        <td>0</td>
        <td>0</td>
        <td>2698</td>
        <td>7.2249999</td>
        <td></td>
        <td>Cherbourg</td>
        <td></td>
        <td>9</td>
        <td></td>
      </tr>
      <tr id="LC744" class="js-file-line">
        <td id="L744" class="blob-num js-line-number" data-line-number="744"></td>
        <td>743</td>
        <td>3rd</td>
        <td>1</td>
        <td>Dahl, Mr. Karl Edwart</td>
        <td>male</td>
        <td>45</td>
        <td>0</td>
        <td>0</td>
        <td>7598</td>
        <td>8.05000019</td>
        <td></td>
        <td>Southampton</td>
        <td>15</td>
        <td>NA</td>
        <td>Australia Fingal, ND</td>
      </tr>
      <tr id="LC745" class="js-file-line">
        <td id="L745" class="blob-num js-line-number" data-line-number="745"></td>
        <td>744</td>
        <td>3rd</td>
        <td>0</td>
        <td>Dahlberg, Miss. Gerda Ulrika</td>
        <td>female</td>
        <td>22</td>
        <td>0</td>
        <td>0</td>
        <td>7552</td>
        <td>10.5166998</td>
        <td></td>
        <td>Southampton</td>
        <td></td>
        <td>NA</td>
        <td>Norrlot, Sweden Chicago, IL</td>
      </tr>
      <tr id="LC746" class="js-file-line">
        <td id="L746" class="blob-num js-line-number" data-line-number="746"></td>
        <td>745</td>
        <td>3rd</td>
        <td>0</td>
        <td>Dakic, Mr. Branko</td>
        <td>male</td>
        <td>19</td>
        <td>0</td>
        <td>0</td>
        <td>349228</td>
        <td>10.1708002</td>
        <td></td>
        <td>Southampton</td>
        <td></td>
        <td>NA</td>
        <td>Austria</td>
      </tr>
      <tr id="LC747" class="js-file-line">
        <td id="L747" class="blob-num js-line-number" data-line-number="747"></td>
        <td>746</td>
        <td>3rd</td>
        <td>1</td>
        <td>Daly, Miss. Margaret Marcella \&quot;</td>
        <td>female</td>
        <td>30</td>
        <td>0</td>
        <td>0</td>
        <td>382650</td>
        <td>6.94999981</td>
        <td></td>
        <td>Queenstown</td>
        <td>15</td>
        <td>NA</td>
        <td>Co Athlone, Ireland New York, N</td>
      </tr>
      <tr id="LC748" class="js-file-line">
        <td id="L748" class="blob-num js-line-number" data-line-number="748"></td>
        <td>747</td>
        <td>3rd</td>
        <td>1</td>
        <td>Daly, Mr. Eugene Patrick</td>
        <td>male</td>
        <td>29</td>
        <td>0</td>
        <td>0</td>
        <td>382651</td>
        <td>7.75</td>
        <td></td>
        <td>Queenstown</td>
        <td>13 15 B</td>
        <td>NA</td>
        <td>Co Athlone, Ireland New York, N</td>
      </tr>
      <tr id="LC749" class="js-file-line">
        <td id="L749" class="blob-num js-line-number" data-line-number="749"></td>
        <td>748</td>
        <td>3rd</td>
        <td>0</td>
        <td>Danbom, Master. Gilbert Sigvard</td>
        <td>male</td>
        <td>0.333299994</td>
        <td>0</td>
        <td>2</td>
        <td>347080</td>
        <td>14.3999996</td>
        <td></td>
        <td>Southampton</td>
        <td></td>
        <td>NA</td>
        <td>Stanton, IA</td>
      </tr>
      <tr id="LC750" class="js-file-line">
        <td id="L750" class="blob-num js-line-number" data-line-number="750"></td>
        <td>749</td>
        <td>3rd</td>
        <td>0</td>
        <td>Danbom, Mr. Ernst Gilbert</td>
        <td>male</td>
        <td>34</td>
        <td>1</td>
        <td>1</td>
        <td>347080</td>
        <td>14.3999996</td>
        <td></td>
        <td>Southampton</td>
        <td></td>
        <td>197</td>
        <td>Stanton, IA</td>
      </tr>
      <tr id="LC751" class="js-file-line">
        <td id="L751" class="blob-num js-line-number" data-line-number="751"></td>
        <td>750</td>
        <td>3rd</td>
        <td>0</td>
        <td>Danbom, Mrs. Ernst Gilbert (Ann</td>
        <td>female</td>
        <td>28</td>
        <td>1</td>
        <td>1</td>
        <td>347080</td>
        <td>14.3999996</td>
        <td></td>
        <td>Southampton</td>
        <td></td>
        <td>NA</td>
        <td>Stanton, IA</td>
      </tr>
      <tr id="LC752" class="js-file-line">
        <td id="L752" class="blob-num js-line-number" data-line-number="752"></td>
        <td>751</td>
        <td>3rd</td>
        <td>0</td>
        <td>Danoff, Mr. Yoto</td>
        <td>male</td>
        <td>27</td>
        <td>0</td>
        <td>0</td>
        <td>349219</td>
        <td>7.89580011</td>
        <td></td>
        <td>Southampton</td>
        <td></td>
        <td>NA</td>
        <td>Bulgaria Chicago, IL</td>
      </tr>
      <tr id="LC753" class="js-file-line">
        <td id="L753" class="blob-num js-line-number" data-line-number="753"></td>
        <td>752</td>
        <td>3rd</td>
        <td>0</td>
        <td>Dantcheff, Mr. Ristiu</td>
        <td>male</td>
        <td>25</td>
        <td>0</td>
        <td>0</td>
        <td>349203</td>
        <td>7.89580011</td>
        <td></td>
        <td>Southampton</td>
        <td></td>
        <td>NA</td>
        <td>Bulgaria Chicago, IL</td>
      </tr>
      <tr id="LC754" class="js-file-line">
        <td id="L754" class="blob-num js-line-number" data-line-number="754"></td>
        <td>753</td>
        <td>3rd</td>
        <td>0</td>
        <td>Davies, Mr. Alfred J</td>
        <td>male</td>
        <td>24</td>
        <td>2</td>
        <td>0</td>
        <td>A/4 48871</td>
        <td>24.1499996</td>
        <td></td>
        <td>Southampton</td>
        <td></td>
        <td>NA</td>
        <td>West Bromwich, England Pontiac,</td>
      </tr>
      <tr id="LC755" class="js-file-line">
        <td id="L755" class="blob-num js-line-number" data-line-number="755"></td>
        <td>754</td>
        <td>3rd</td>
        <td>0</td>
        <td>Davies, Mr. Evan</td>
        <td>male</td>
        <td>22</td>
        <td>0</td>
        <td>0</td>
        <td>SC/A4 23568</td>
        <td>8.05000019</td>
        <td></td>
        <td>Southampton</td>
        <td></td>
        <td>NA</td>
        <td></td>
      </tr>
      <tr id="LC756" class="js-file-line">
        <td id="L756" class="blob-num js-line-number" data-line-number="756"></td>
        <td>755</td>
        <td>3rd</td>
        <td>0</td>
        <td>Davies, Mr. John Samuel</td>
        <td>male</td>
        <td>21</td>
        <td>2</td>
        <td>0</td>
        <td>A/4 48871</td>
        <td>24.1499996</td>
        <td></td>
        <td>Southampton</td>
        <td></td>
        <td>NA</td>
        <td>West Bromwich, England Pontiac,</td>
      </tr>
      <tr id="LC757" class="js-file-line">
        <td id="L757" class="blob-num js-line-number" data-line-number="757"></td>
        <td>756</td>
        <td>3rd</td>
        <td>0</td>
        <td>Davies, Mr. Joseph</td>
        <td>male</td>
        <td>17</td>
        <td>2</td>
        <td>0</td>
        <td>A/4 48873</td>
        <td>8.05000019</td>
        <td></td>
        <td>Southampton</td>
        <td></td>
        <td>NA</td>
        <td>West Bromwich, England Pontiac,</td>
      </tr>
      <tr id="LC758" class="js-file-line">
        <td id="L758" class="blob-num js-line-number" data-line-number="758"></td>
        <td>757</td>
        <td>3rd</td>
        <td>0</td>
        <td>Davison, Mr. Thomas Henry</td>
        <td>male</td>
        <td>NA</td>
        <td>1</td>
        <td>0</td>
        <td>386525</td>
        <td>16.1000004</td>
        <td></td>
        <td>Southampton</td>
        <td></td>
        <td>NA</td>
        <td>Liverpool, England Bedford, OH</td>
      </tr>
      <tr id="LC759" class="js-file-line">
        <td id="L759" class="blob-num js-line-number" data-line-number="759"></td>
        <td>758</td>
        <td>3rd</td>
        <td>1</td>
        <td>Davison, Mrs. Thomas Henry (Mar</td>
        <td>female</td>
        <td>NA</td>
        <td>1</td>
        <td>0</td>
        <td>386525</td>
        <td>16.1000004</td>
        <td></td>
        <td>Southampton</td>
        <td>16</td>
        <td>NA</td>
        <td>Liverpool, England Bedford, OH</td>
      </tr>
      <tr id="LC760" class="js-file-line">
        <td id="L760" class="blob-num js-line-number" data-line-number="760"></td>
        <td>759</td>
        <td>3rd</td>
        <td>1</td>
        <td>de Messemaeker, Mr. Guillaume J</td>
        <td>male</td>
        <td>36.5</td>
        <td>1</td>
        <td>0</td>
        <td>345572</td>
        <td>17.3999996</td>
        <td></td>
        <td>Southampton</td>
        <td>15</td>
        <td>NA</td>
        <td>Tampico, MT</td>
      </tr>
      <tr id="LC761" class="js-file-line">
        <td id="L761" class="blob-num js-line-number" data-line-number="761"></td>
        <td>760</td>
        <td>3rd</td>
        <td>1</td>
        <td>de Messemaeker, Mrs. Guillaume</td>
        <td>female</td>
        <td>36</td>
        <td>1</td>
        <td>0</td>
        <td>345572</td>
        <td>17.3999996</td>
        <td></td>
        <td>Southampton</td>
        <td>13</td>
        <td>NA</td>
        <td>Tampico, MT</td>
      </tr>
      <tr id="LC762" class="js-file-line">
        <td id="L762" class="blob-num js-line-number" data-line-number="762"></td>
        <td>761</td>
        <td>3rd</td>
        <td>1</td>
        <td>de Mulder, Mr. Theodore</td>
        <td>male</td>
        <td>30</td>
        <td>0</td>
        <td>0</td>
        <td>345774</td>
        <td>9.5</td>
        <td></td>
        <td>Southampton</td>
        <td>11</td>
        <td>NA</td>
        <td>Belgium Detroit, MI</td>
      </tr>
      <tr id="LC763" class="js-file-line">
        <td id="L763" class="blob-num js-line-number" data-line-number="763"></td>
        <td>762</td>
        <td>3rd</td>
        <td>0</td>
        <td>de Pelsmaeker, Mr. Alfons</td>
        <td>male</td>
        <td>16</td>
        <td>0</td>
        <td>0</td>
        <td>345778</td>
        <td>9.5</td>
        <td></td>
        <td>Southampton</td>
        <td></td>
        <td>NA</td>
        <td></td>
      </tr>
      <tr id="LC764" class="js-file-line">
        <td id="L764" class="blob-num js-line-number" data-line-number="764"></td>
        <td>763</td>
        <td>3rd</td>
        <td>1</td>
        <td>Dean, Master. Bertram Vere</td>
        <td>male</td>
        <td>1</td>
        <td>1</td>
        <td>2</td>
        <td>C.A. 2315</td>
        <td>20.5750008</td>
        <td></td>
        <td>Southampton</td>
        <td>10</td>
        <td>NA</td>
        <td>Devon, England Wichita, KS</td>
      </tr>
      <tr id="LC765" class="js-file-line">
        <td id="L765" class="blob-num js-line-number" data-line-number="765"></td>
        <td>764</td>
        <td>3rd</td>
        <td>1</td>
        <td>Dean, Miss. Elizabeth Gladys \&quot;M</td>
        <td>female</td>
        <td>0.166700006</td>
        <td>1</td>
        <td>2</td>
        <td>C.A. 2315</td>
        <td>20.5750008</td>
        <td></td>
        <td>Southampton</td>
        <td>10</td>
        <td>NA</td>
        <td>Devon, England Wichita, KS</td>
      </tr>
      <tr id="LC766" class="js-file-line">
        <td id="L766" class="blob-num js-line-number" data-line-number="766"></td>
        <td>765</td>
        <td>3rd</td>
        <td>0</td>
        <td>Dean, Mr. Bertram Frank</td>
        <td>male</td>
        <td>26</td>
        <td>1</td>
        <td>2</td>
        <td>C.A. 2315</td>
        <td>20.5750008</td>
        <td></td>
        <td>Southampton</td>
        <td></td>
        <td>NA</td>
        <td>Devon, England Wichita, KS</td>
      </tr>
      <tr id="LC767" class="js-file-line">
        <td id="L767" class="blob-num js-line-number" data-line-number="767"></td>
        <td>766</td>
        <td>3rd</td>
        <td>1</td>
        <td>Dean, Mrs. Bertram (Eva Georget</td>
        <td>female</td>
        <td>33</td>
        <td>1</td>
        <td>2</td>
        <td>C.A. 2315</td>
        <td>20.5750008</td>
        <td></td>
        <td>Southampton</td>
        <td>10</td>
        <td>NA</td>
        <td>Devon, England Wichita, KS</td>
      </tr>
      <tr id="LC768" class="js-file-line">
        <td id="L768" class="blob-num js-line-number" data-line-number="768"></td>
        <td>767</td>
        <td>3rd</td>
        <td>0</td>
        <td>Delalic, Mr. Redjo</td>
        <td>male</td>
        <td>25</td>
        <td>0</td>
        <td>0</td>
        <td>349250</td>
        <td>7.89580011</td>
        <td></td>
        <td>Southampton</td>
        <td></td>
        <td>NA</td>
        <td></td>
      </tr>
      <tr id="LC769" class="js-file-line">
        <td id="L769" class="blob-num js-line-number" data-line-number="769"></td>
        <td>768</td>
        <td>3rd</td>
        <td>0</td>
        <td>Demetri, Mr. Marinko</td>
        <td>male</td>
        <td>NA</td>
        <td>0</td>
        <td>0</td>
        <td>349238</td>
        <td>7.89580011</td>
        <td></td>
        <td>Southampton</td>
        <td></td>
        <td>NA</td>
        <td></td>
      </tr>
      <tr id="LC770" class="js-file-line">
        <td id="L770" class="blob-num js-line-number" data-line-number="770"></td>
        <td>769</td>
        <td>3rd</td>
        <td>0</td>
        <td>Denkoff, Mr. Mitto</td>
        <td>male</td>
        <td>NA</td>
        <td>0</td>
        <td>0</td>
        <td>349225</td>
        <td>7.89580011</td>
        <td></td>
        <td>Southampton</td>
        <td></td>
        <td>NA</td>
        <td>Bulgaria Coon Rapids, IA</td>
      </tr>
      <tr id="LC771" class="js-file-line">
        <td id="L771" class="blob-num js-line-number" data-line-number="771"></td>
        <td>770</td>
        <td>3rd</td>
        <td>0</td>
        <td>Dennis, Mr. Samuel</td>
        <td>male</td>
        <td>22</td>
        <td>0</td>
        <td>0</td>
        <td>A/5 21172</td>
        <td>7.25</td>
        <td></td>
        <td>Southampton</td>
        <td></td>
        <td>NA</td>
        <td></td>
      </tr>
      <tr id="LC772" class="js-file-line">
        <td id="L772" class="blob-num js-line-number" data-line-number="772"></td>
        <td>771</td>
        <td>3rd</td>
        <td>0</td>
        <td>Dennis, Mr. William</td>
        <td>male</td>
        <td>36</td>
        <td>0</td>
        <td>0</td>
        <td>A/5 21175</td>
        <td>7.25</td>
        <td></td>
        <td>Southampton</td>
        <td></td>
        <td>NA</td>
        <td></td>
      </tr>
      <tr id="LC773" class="js-file-line">
        <td id="L773" class="blob-num js-line-number" data-line-number="773"></td>
        <td>772</td>
        <td>3rd</td>
        <td>1</td>
        <td>Devaney, Miss. Margaret Delia</td>
        <td>female</td>
        <td>19</td>
        <td>0</td>
        <td>0</td>
        <td>330958</td>
        <td>7.87919998</td>
        <td></td>
        <td>Queenstown</td>
        <td>C</td>
        <td>NA</td>
        <td>Kilmacowen, Co Sligo, Ireland N</td>
      </tr>
      <tr id="LC774" class="js-file-line">
        <td id="L774" class="blob-num js-line-number" data-line-number="774"></td>
        <td>773</td>
        <td>3rd</td>
        <td>0</td>
        <td>Dika, Mr. Mirko</td>
        <td>male</td>
        <td>17</td>
        <td>0</td>
        <td>0</td>
        <td>349232</td>
        <td>7.89580011</td>
        <td></td>
        <td>Southampton</td>
        <td></td>
        <td>NA</td>
        <td></td>
      </tr>
      <tr id="LC775" class="js-file-line">
        <td id="L775" class="blob-num js-line-number" data-line-number="775"></td>
        <td>774</td>
        <td>3rd</td>
        <td>0</td>
        <td>Dimic, Mr. Jovan</td>
        <td>male</td>
        <td>42</td>
        <td>0</td>
        <td>0</td>
        <td>315088</td>
        <td>8.66250038</td>
        <td></td>
        <td>Southampton</td>
        <td></td>
        <td>NA</td>
        <td></td>
      </tr>
      <tr id="LC776" class="js-file-line">
        <td id="L776" class="blob-num js-line-number" data-line-number="776"></td>
        <td>775</td>
        <td>3rd</td>
        <td>0</td>
        <td>Dintcheff, Mr. Valtcho</td>
        <td>male</td>
        <td>43</td>
        <td>0</td>
        <td>0</td>
        <td>349226</td>
        <td>7.89580011</td>
        <td></td>
        <td>Southampton</td>
        <td></td>
        <td>NA</td>
        <td></td>
      </tr>
      <tr id="LC777" class="js-file-line">
        <td id="L777" class="blob-num js-line-number" data-line-number="777"></td>
        <td>776</td>
        <td>3rd</td>
        <td>0</td>
        <td>Doharr, Mr. Tannous</td>
        <td>male</td>
        <td>NA</td>
        <td>0</td>
        <td>0</td>
        <td>2686</td>
        <td>7.22919989</td>
        <td></td>
        <td>Cherbourg</td>
        <td></td>
        <td>NA</td>
        <td></td>
      </tr>
      <tr id="LC778" class="js-file-line">
        <td id="L778" class="blob-num js-line-number" data-line-number="778"></td>
        <td>777</td>
        <td>3rd</td>
        <td>0</td>
        <td>Dooley, Mr. Patrick</td>
        <td>male</td>
        <td>32</td>
        <td>0</td>
        <td>0</td>
        <td>370376</td>
        <td>7.75</td>
        <td></td>
        <td>Queenstown</td>
        <td></td>
        <td>NA</td>
        <td>Ireland New York, NY</td>
      </tr>
      <tr id="LC779" class="js-file-line">
        <td id="L779" class="blob-num js-line-number" data-line-number="779"></td>
        <td>778</td>
        <td>3rd</td>
        <td>1</td>
        <td>Dorking, Mr. Edward Arthur</td>
        <td>male</td>
        <td>19</td>
        <td>0</td>
        <td>0</td>
        <td>A/5. 10482</td>
        <td>8.05000019</td>
        <td></td>
        <td>Southampton</td>
        <td>B</td>
        <td>NA</td>
        <td>England Oglesby, IL</td>
      </tr>
      <tr id="LC780" class="js-file-line">
        <td id="L780" class="blob-num js-line-number" data-line-number="780"></td>
        <td>779</td>
        <td>3rd</td>
        <td>1</td>
        <td>Dowdell, Miss. Elizabeth</td>
        <td>female</td>
        <td>30</td>
        <td>0</td>
        <td>0</td>
        <td>364516</td>
        <td>12.4750004</td>
        <td></td>
        <td>Southampton</td>
        <td>13</td>
        <td>NA</td>
        <td>Union Hill, NJ</td>
      </tr>
      <tr id="LC781" class="js-file-line">
        <td id="L781" class="blob-num js-line-number" data-line-number="781"></td>
        <td>780</td>
        <td>3rd</td>
        <td>0</td>
        <td>Doyle, Miss. Elizabeth</td>
        <td>female</td>
        <td>24</td>
        <td>0</td>
        <td>0</td>
        <td>368702</td>
        <td>7.75</td>
        <td></td>
        <td>Queenstown</td>
        <td></td>
        <td>NA</td>
        <td>Ireland New York, NY</td>
      </tr>
      <tr id="LC782" class="js-file-line">
        <td id="L782" class="blob-num js-line-number" data-line-number="782"></td>
        <td>781</td>
        <td>3rd</td>
        <td>1</td>
        <td>Drapkin, Miss. Jennie</td>
        <td>female</td>
        <td>23</td>
        <td>0</td>
        <td>0</td>
        <td>SOTON/OQ 392083</td>
        <td>8.05000019</td>
        <td></td>
        <td>Southampton</td>
        <td></td>
        <td>NA</td>
        <td>London New York, NY</td>
      </tr>
      <tr id="LC783" class="js-file-line">
        <td id="L783" class="blob-num js-line-number" data-line-number="783"></td>
        <td>782</td>
        <td>3rd</td>
        <td>0</td>
        <td>Drazenoic, Mr. Jozef</td>
        <td>male</td>
        <td>33</td>
        <td>0</td>
        <td>0</td>
        <td>349241</td>
        <td>7.89580011</td>
        <td></td>
        <td>Cherbourg</td>
        <td></td>
        <td>51</td>
        <td>Austria Niagara Falls, NY</td>
      </tr>
      <tr id="LC784" class="js-file-line">
        <td id="L784" class="blob-num js-line-number" data-line-number="784"></td>
        <td>783</td>
        <td>3rd</td>
        <td>0</td>
        <td>Duane, Mr. Frank</td>
        <td>male</td>
        <td>65</td>
        <td>0</td>
        <td>0</td>
        <td>336439</td>
        <td>7.75</td>
        <td></td>
        <td>Queenstown</td>
        <td></td>
        <td>NA</td>
        <td></td>
      </tr>
      <tr id="LC785" class="js-file-line">
        <td id="L785" class="blob-num js-line-number" data-line-number="785"></td>
        <td>784</td>
        <td>3rd</td>
        <td>1</td>
        <td>Duquemin, Mr. Joseph</td>
        <td>male</td>
        <td>24</td>
        <td>0</td>
        <td>0</td>
        <td>S.O./P.P. 752</td>
        <td>7.55000019</td>
        <td></td>
        <td>Southampton</td>
        <td>D</td>
        <td>NA</td>
        <td>England Albion, NY</td>
      </tr>
      <tr id="LC786" class="js-file-line">
        <td id="L786" class="blob-num js-line-number" data-line-number="786"></td>
        <td>785</td>
        <td>3rd</td>
        <td>0</td>
        <td>Dyker, Mr. Adolf Fredrik</td>
        <td>male</td>
        <td>23</td>
        <td>1</td>
        <td>0</td>
        <td>347072</td>
        <td>13.8999996</td>
        <td></td>
        <td>Southampton</td>
        <td></td>
        <td>NA</td>
        <td>West Haven, CT</td>
      </tr>
      <tr id="LC787" class="js-file-line">
        <td id="L787" class="blob-num js-line-number" data-line-number="787"></td>
        <td>786</td>
        <td>3rd</td>
        <td>1</td>
        <td>Dyker, Mrs. Adolf Fredrik (Anna</td>
        <td>female</td>
        <td>22</td>
        <td>1</td>
        <td>0</td>
        <td>347072</td>
        <td>13.8999996</td>
        <td></td>
        <td>Southampton</td>
        <td>16</td>
        <td>NA</td>
        <td>West Haven, CT</td>
      </tr>
      <tr id="LC788" class="js-file-line">
        <td id="L788" class="blob-num js-line-number" data-line-number="788"></td>
        <td>787</td>
        <td>3rd</td>
        <td>0</td>
        <td>Edvardsson, Mr. Gustaf Hjalmar</td>
        <td>male</td>
        <td>18</td>
        <td>0</td>
        <td>0</td>
        <td>349912</td>
        <td>7.7750001</td>
        <td></td>
        <td>Southampton</td>
        <td></td>
        <td>NA</td>
        <td>Tofta, Sweden Joliet, IL</td>
      </tr>
      <tr id="LC789" class="js-file-line">
        <td id="L789" class="blob-num js-line-number" data-line-number="789"></td>
        <td>788</td>
        <td>3rd</td>
        <td>0</td>
        <td>Eklund, Mr. Hans Linus</td>
        <td>male</td>
        <td>16</td>
        <td>0</td>
        <td>0</td>
        <td>347074</td>
        <td>7.7750001</td>
        <td></td>
        <td>Southampton</td>
        <td></td>
        <td>NA</td>
        <td>Karberg, Sweden Jerome Junction</td>
      </tr>
      <tr id="LC790" class="js-file-line">
        <td id="L790" class="blob-num js-line-number" data-line-number="790"></td>
        <td>789</td>
        <td>3rd</td>
        <td>0</td>
        <td>Ekstrom, Mr. Johan</td>
        <td>male</td>
        <td>45</td>
        <td>0</td>
        <td>0</td>
        <td>347061</td>
        <td>6.9749999</td>
        <td></td>
        <td>Southampton</td>
        <td></td>
        <td>NA</td>
        <td>Effington Rut, SD</td>
      </tr>
      <tr id="LC791" class="js-file-line">
        <td id="L791" class="blob-num js-line-number" data-line-number="791"></td>
        <td>790</td>
        <td>3rd</td>
        <td>0</td>
        <td>Elias, Mr. Dibo</td>
        <td>male</td>
        <td>NA</td>
        <td>0</td>
        <td>0</td>
        <td>2674</td>
        <td>7.2249999</td>
        <td></td>
        <td>Cherbourg</td>
        <td></td>
        <td>NA</td>
        <td></td>
      </tr>
      <tr id="LC792" class="js-file-line">
        <td id="L792" class="blob-num js-line-number" data-line-number="792"></td>
        <td>791</td>
        <td>3rd</td>
        <td>0</td>
        <td>Elias, Mr. Joseph</td>
        <td>male</td>
        <td>39</td>
        <td>0</td>
        <td>2</td>
        <td>2675</td>
        <td>7.22919989</td>
        <td></td>
        <td>Cherbourg</td>
        <td></td>
        <td>NA</td>
        <td>Syria Ottawa, ON</td>
      </tr>
      <tr id="LC793" class="js-file-line">
        <td id="L793" class="blob-num js-line-number" data-line-number="793"></td>
        <td>792</td>
        <td>3rd</td>
        <td>0</td>
        <td>Elias, Mr. Joseph Jr</td>
        <td>male</td>
        <td>17</td>
        <td>1</td>
        <td>1</td>
        <td>2690</td>
        <td>7.22919989</td>
        <td></td>
        <td>Cherbourg</td>
        <td></td>
        <td>NA</td>
        <td></td>
      </tr>
      <tr id="LC794" class="js-file-line">
        <td id="L794" class="blob-num js-line-number" data-line-number="794"></td>
        <td>793</td>
        <td>3rd</td>
        <td>0</td>
        <td>Elias, Mr. Tannous</td>
        <td>male</td>
        <td>15</td>
        <td>1</td>
        <td>1</td>
        <td>2695</td>
        <td>7.22919989</td>
        <td></td>
        <td>Cherbourg</td>
        <td></td>
        <td>NA</td>
        <td>Syria</td>
      </tr>
      <tr id="LC795" class="js-file-line">
        <td id="L795" class="blob-num js-line-number" data-line-number="795"></td>
        <td>794</td>
        <td>3rd</td>
        <td>0</td>
        <td>Elsbury, Mr. William James</td>
        <td>male</td>
        <td>47</td>
        <td>0</td>
        <td>0</td>
        <td>A/5 3902</td>
        <td>7.25</td>
        <td></td>
        <td>Southampton</td>
        <td></td>
        <td>NA</td>
        <td>Illinois, USA</td>
      </tr>
      <tr id="LC796" class="js-file-line">
        <td id="L796" class="blob-num js-line-number" data-line-number="796"></td>
        <td>795</td>
        <td>3rd</td>
        <td>1</td>
        <td>Emanuel, Miss. Virginia Ethel</td>
        <td>female</td>
        <td>5</td>
        <td>0</td>
        <td>0</td>
        <td>364516</td>
        <td>12.4750004</td>
        <td></td>
        <td>Southampton</td>
        <td>13</td>
        <td>NA</td>
        <td>New York, NY</td>
      </tr>
      <tr id="LC797" class="js-file-line">
        <td id="L797" class="blob-num js-line-number" data-line-number="797"></td>
        <td>796</td>
        <td>3rd</td>
        <td>0</td>
        <td>Emir, Mr. Farred Chehab</td>
        <td>male</td>
        <td>NA</td>
        <td>0</td>
        <td>0</td>
        <td>2631</td>
        <td>7.2249999</td>
        <td></td>
        <td>Cherbourg</td>
        <td></td>
        <td>NA</td>
        <td></td>
      </tr>
      <tr id="LC798" class="js-file-line">
        <td id="L798" class="blob-num js-line-number" data-line-number="798"></td>
        <td>797</td>
        <td>3rd</td>
        <td>0</td>
        <td>Everett, Mr. Thomas James</td>
        <td>male</td>
        <td>40.5</td>
        <td>0</td>
        <td>0</td>
        <td>C.A. 6212</td>
        <td>15.1000004</td>
        <td></td>
        <td>Southampton</td>
        <td></td>
        <td>187</td>
        <td></td>
      </tr>
      <tr id="LC799" class="js-file-line">
        <td id="L799" class="blob-num js-line-number" data-line-number="799"></td>
        <td>798</td>
        <td>3rd</td>
        <td>0</td>
        <td>Farrell, Mr. James</td>
        <td>male</td>
        <td>40.5</td>
        <td>0</td>
        <td>0</td>
        <td>367232</td>
        <td>7.75</td>
        <td></td>
        <td>Queenstown</td>
        <td></td>
        <td>68</td>
        <td>Aughnacliff, Co Longford, Irela</td>
      </tr>
      <tr id="LC800" class="js-file-line">
        <td id="L800" class="blob-num js-line-number" data-line-number="800"></td>
        <td>799</td>
        <td>3rd</td>
        <td>1</td>
        <td>Finoli, Mr. Luigi</td>
        <td>male</td>
        <td>NA</td>
        <td>0</td>
        <td>0</td>
        <td>SOTON/O.Q. 3101308</td>
        <td>7.05000019</td>
        <td></td>
        <td>Southampton</td>
        <td>15</td>
        <td>NA</td>
        <td>Italy Philadelphia, PA</td>
      </tr>
      <tr id="LC801" class="js-file-line">
        <td id="L801" class="blob-num js-line-number" data-line-number="801"></td>
        <td>800</td>
        <td>3rd</td>
        <td>0</td>
        <td>Fischer, Mr. Eberhard Thelander</td>
        <td>male</td>
        <td>18</td>
        <td>0</td>
        <td>0</td>
        <td>350036</td>
        <td>7.79580021</td>
        <td></td>
        <td>Southampton</td>
        <td></td>
        <td>NA</td>
        <td></td>
      </tr>
      <tr id="LC802" class="js-file-line">
        <td id="L802" class="blob-num js-line-number" data-line-number="802"></td>
        <td>801</td>
        <td>3rd</td>
        <td>0</td>
        <td>Fleming, Miss. Honora</td>
        <td>female</td>
        <td>NA</td>
        <td>0</td>
        <td>0</td>
        <td>364859</td>
        <td>7.75</td>
        <td></td>
        <td>Queenstown</td>
        <td></td>
        <td>NA</td>
        <td></td>
      </tr>
      <tr id="LC803" class="js-file-line">
        <td id="L803" class="blob-num js-line-number" data-line-number="803"></td>
        <td>802</td>
        <td>3rd</td>
        <td>0</td>
        <td>Flynn, Mr. James</td>
        <td>male</td>
        <td>NA</td>
        <td>0</td>
        <td>0</td>
        <td>364851</td>
        <td>7.75</td>
        <td></td>
        <td>Queenstown</td>
        <td></td>
        <td>NA</td>
        <td></td>
      </tr>
      <tr id="LC804" class="js-file-line">
        <td id="L804" class="blob-num js-line-number" data-line-number="804"></td>
        <td>803</td>
        <td>3rd</td>
        <td>0</td>
        <td>Flynn, Mr. John</td>
        <td>male</td>
        <td>NA</td>
        <td>0</td>
        <td>0</td>
        <td>368323</td>
        <td>6.94999981</td>
        <td></td>
        <td>Queenstown</td>
        <td></td>
        <td>NA</td>
        <td></td>
      </tr>
      <tr id="LC805" class="js-file-line">
        <td id="L805" class="blob-num js-line-number" data-line-number="805"></td>
        <td>804</td>
        <td>3rd</td>
        <td>0</td>
        <td>Foley, Mr. Joseph</td>
        <td>male</td>
        <td>26</td>
        <td>0</td>
        <td>0</td>
        <td>330910</td>
        <td>7.87919998</td>
        <td></td>
        <td>Queenstown</td>
        <td></td>
        <td>NA</td>
        <td>Ireland Chicago, IL</td>
      </tr>
      <tr id="LC806" class="js-file-line">
        <td id="L806" class="blob-num js-line-number" data-line-number="806"></td>
        <td>805</td>
        <td>3rd</td>
        <td>0</td>
        <td>Foley, Mr. William</td>
        <td>male</td>
        <td>NA</td>
        <td>0</td>
        <td>0</td>
        <td>365235</td>
        <td>7.75</td>
        <td></td>
        <td>Queenstown</td>
        <td></td>
        <td>NA</td>
        <td>Ireland</td>
      </tr>
      <tr id="LC807" class="js-file-line">
        <td id="L807" class="blob-num js-line-number" data-line-number="807"></td>
        <td>806</td>
        <td>3rd</td>
        <td>1</td>
        <td>Foo, Mr. Choong</td>
        <td>male</td>
        <td>NA</td>
        <td>0</td>
        <td>0</td>
        <td>1601</td>
        <td>56.4958</td>
        <td></td>
        <td>Southampton</td>
        <td>13</td>
        <td>NA</td>
        <td>Hong Kong New York, NY</td>
      </tr>
      <tr id="LC808" class="js-file-line">
        <td id="L808" class="blob-num js-line-number" data-line-number="808"></td>
        <td>807</td>
        <td>3rd</td>
        <td>0</td>
        <td>Ford, Miss. Doolina Margaret \&quot;D</td>
        <td>female</td>
        <td>21</td>
        <td>2</td>
        <td>2</td>
        <td>W./C. 6608</td>
        <td>34.375</td>
        <td></td>
        <td>Southampton</td>
        <td></td>
        <td>NA</td>
        <td>Rotherfield, Sussex, England Es</td>
      </tr>
      <tr id="LC809" class="js-file-line">
        <td id="L809" class="blob-num js-line-number" data-line-number="809"></td>
        <td>808</td>
        <td>3rd</td>
        <td>0</td>
        <td>Ford, Miss. Robina Maggie \&quot;Ruby</td>
        <td>female</td>
        <td>9</td>
        <td>2</td>
        <td>2</td>
        <td>W./C. 6608</td>
        <td>34.375</td>
        <td></td>
        <td>Southampton</td>
        <td></td>
        <td>NA</td>
        <td>Rotherfield, Sussex, England Es</td>
      </tr>
      <tr id="LC810" class="js-file-line">
        <td id="L810" class="blob-num js-line-number" data-line-number="810"></td>
        <td>809</td>
        <td>3rd</td>
        <td>0</td>
        <td>Ford, Mr. Arthur</td>
        <td>male</td>
        <td>NA</td>
        <td>0</td>
        <td>0</td>
        <td>A/5 1478</td>
        <td>8.05000019</td>
        <td></td>
        <td>Southampton</td>
        <td></td>
        <td>NA</td>
        <td>Bridgwater, Somerset, England</td>
      </tr>
      <tr id="LC811" class="js-file-line">
        <td id="L811" class="blob-num js-line-number" data-line-number="811"></td>
        <td>810</td>
        <td>3rd</td>
        <td>0</td>
        <td>Ford, Mr. Edward Watson</td>
        <td>male</td>
        <td>18</td>
        <td>2</td>
        <td>2</td>
        <td>W./C. 6608</td>
        <td>34.375</td>
        <td></td>
        <td>Southampton</td>
        <td></td>
        <td>NA</td>
        <td>Rotherfield, Sussex, England Es</td>
      </tr>
      <tr id="LC812" class="js-file-line">
        <td id="L812" class="blob-num js-line-number" data-line-number="812"></td>
        <td>811</td>
        <td>3rd</td>
        <td>0</td>
        <td>Ford, Mr. William Neal</td>
        <td>male</td>
        <td>16</td>
        <td>1</td>
        <td>3</td>
        <td>W./C. 6608</td>
        <td>34.375</td>
        <td></td>
        <td>Southampton</td>
        <td></td>
        <td>NA</td>
        <td>Rotherfield, Sussex, England Es</td>
      </tr>
      <tr id="LC813" class="js-file-line">
        <td id="L813" class="blob-num js-line-number" data-line-number="813"></td>
        <td>812</td>
        <td>3rd</td>
        <td>0</td>
        <td>Ford, Mrs. Edward (Margaret Ann</td>
        <td>female</td>
        <td>48</td>
        <td>1</td>
        <td>3</td>
        <td>W./C. 6608</td>
        <td>34.375</td>
        <td></td>
        <td>Southampton</td>
        <td></td>
        <td>NA</td>
        <td>Rotherfield, Sussex, England Es</td>
      </tr>
      <tr id="LC814" class="js-file-line">
        <td id="L814" class="blob-num js-line-number" data-line-number="814"></td>
        <td>813</td>
        <td>3rd</td>
        <td>0</td>
        <td>Fox, Mr. Patrick</td>
        <td>male</td>
        <td>NA</td>
        <td>0</td>
        <td>0</td>
        <td>368573</td>
        <td>7.75</td>
        <td></td>
        <td>Queenstown</td>
        <td></td>
        <td>NA</td>
        <td>Ireland New York, NY</td>
      </tr>
      <tr id="LC815" class="js-file-line">
        <td id="L815" class="blob-num js-line-number" data-line-number="815"></td>
        <td>814</td>
        <td>3rd</td>
        <td>0</td>
        <td>Franklin, Mr. Charles (Charles</td>
        <td>male</td>
        <td>NA</td>
        <td>0</td>
        <td>0</td>
        <td>SOTON/O.Q. 3101314</td>
        <td>7.25</td>
        <td></td>
        <td>Southampton</td>
        <td></td>
        <td>NA</td>
        <td></td>
      </tr>
      <tr id="LC816" class="js-file-line">
        <td id="L816" class="blob-num js-line-number" data-line-number="816"></td>
        <td>815</td>
        <td>3rd</td>
        <td>0</td>
        <td>Gallagher, Mr. Martin</td>
        <td>male</td>
        <td>25</td>
        <td>0</td>
        <td>0</td>
        <td>36864</td>
        <td>7.74170017</td>
        <td></td>
        <td>Queenstown</td>
        <td></td>
        <td>NA</td>
        <td>New York, NY</td>
      </tr>
      <tr id="LC817" class="js-file-line">
        <td id="L817" class="blob-num js-line-number" data-line-number="817"></td>
        <td>816</td>
        <td>3rd</td>
        <td>0</td>
        <td>Garfirth, Mr. John</td>
        <td>male</td>
        <td>NA</td>
        <td>0</td>
        <td>0</td>
        <td>358585</td>
        <td>14.5</td>
        <td></td>
        <td>Southampton</td>
        <td></td>
        <td>NA</td>
        <td></td>
      </tr>
      <tr id="LC818" class="js-file-line">
        <td id="L818" class="blob-num js-line-number" data-line-number="818"></td>
        <td>817</td>
        <td>3rd</td>
        <td>0</td>
        <td>Gheorgheff, Mr. Stanio</td>
        <td>male</td>
        <td>NA</td>
        <td>0</td>
        <td>0</td>
        <td>349254</td>
        <td>7.89580011</td>
        <td></td>
        <td>Cherbourg</td>
        <td></td>
        <td>NA</td>
        <td></td>
      </tr>
      <tr id="LC819" class="js-file-line">
        <td id="L819" class="blob-num js-line-number" data-line-number="819"></td>
        <td>818</td>
        <td>3rd</td>
        <td>0</td>
        <td>Gilinski, Mr. Eliezer</td>
        <td>male</td>
        <td>22</td>
        <td>0</td>
        <td>0</td>
        <td>14973</td>
        <td>8.05000019</td>
        <td></td>
        <td>Southampton</td>
        <td></td>
        <td>47</td>
        <td></td>
      </tr>
      <tr id="LC820" class="js-file-line">
        <td id="L820" class="blob-num js-line-number" data-line-number="820"></td>
        <td>819</td>
        <td>3rd</td>
        <td>1</td>
        <td>Gilnagh, Miss. Katherine \&quot;Katie</td>
        <td>female</td>
        <td>16</td>
        <td>0</td>
        <td>0</td>
        <td>35851</td>
        <td>7.73330021</td>
        <td></td>
        <td>Queenstown</td>
        <td>16</td>
        <td>NA</td>
        <td>Co Longford, Ireland New York,</td>
      </tr>
      <tr id="LC821" class="js-file-line">
        <td id="L821" class="blob-num js-line-number" data-line-number="821"></td>
        <td>820</td>
        <td>3rd</td>
        <td>1</td>
        <td>Glynn, Miss. Mary Agatha</td>
        <td>female</td>
        <td>NA</td>
        <td>0</td>
        <td>0</td>
        <td>335677</td>
        <td>7.75</td>
        <td></td>
        <td>Queenstown</td>
        <td>13</td>
        <td>NA</td>
        <td>Co Clare, Ireland Washington, D</td>
      </tr>
      <tr id="LC822" class="js-file-line">
        <td id="L822" class="blob-num js-line-number" data-line-number="822"></td>
        <td>821</td>
        <td>3rd</td>
        <td>1</td>
        <td>Goldsmith, Master. Frank John W</td>
        <td>male</td>
        <td>9</td>
        <td>0</td>
        <td>2</td>
        <td>363291</td>
        <td>20.5249996</td>
        <td></td>
        <td>Southampton</td>
        <td>C D</td>
        <td>NA</td>
        <td>Strood, Kent, England Detroit,</td>
      </tr>
      <tr id="LC823" class="js-file-line">
        <td id="L823" class="blob-num js-line-number" data-line-number="823"></td>
        <td>822</td>
        <td>3rd</td>
        <td>0</td>
        <td>Goldsmith, Mr. Frank John</td>
        <td>male</td>
        <td>33</td>
        <td>1</td>
        <td>1</td>
        <td>363291</td>
        <td>20.5249996</td>
        <td></td>
        <td>Southampton</td>
        <td></td>
        <td>NA</td>
        <td>Strood, Kent, England Detroit,</td>
      </tr>
      <tr id="LC824" class="js-file-line">
        <td id="L824" class="blob-num js-line-number" data-line-number="824"></td>
        <td>823</td>
        <td>3rd</td>
        <td>0</td>
        <td>Goldsmith, Mr. Nathan</td>
        <td>male</td>
        <td>41</td>
        <td>0</td>
        <td>0</td>
        <td>SOTON/O.Q. 3101263</td>
        <td>7.8499999</td>
        <td></td>
        <td>Southampton</td>
        <td></td>
        <td>NA</td>
        <td>Philadelphia, PA</td>
      </tr>
      <tr id="LC825" class="js-file-line">
        <td id="L825" class="blob-num js-line-number" data-line-number="825"></td>
        <td>824</td>
        <td>3rd</td>
        <td>1</td>
        <td>Goldsmith, Mrs. Frank John (Emi</td>
        <td>female</td>
        <td>31</td>
        <td>1</td>
        <td>1</td>
        <td>363291</td>
        <td>20.5249996</td>
        <td></td>
        <td>Southampton</td>
        <td>C D</td>
        <td>NA</td>
        <td>Strood, Kent, England Detroit,</td>
      </tr>
      <tr id="LC826" class="js-file-line">
        <td id="L826" class="blob-num js-line-number" data-line-number="826"></td>
        <td>825</td>
        <td>3rd</td>
        <td>0</td>
        <td>Goncalves, Mr. Manuel Estanslas</td>
        <td>male</td>
        <td>38</td>
        <td>0</td>
        <td>0</td>
        <td>SOTON/O.Q. 3101306</td>
        <td>7.05000019</td>
        <td></td>
        <td>Southampton</td>
        <td></td>
        <td>NA</td>
        <td>Portugal</td>
      </tr>
      <tr id="LC827" class="js-file-line">
        <td id="L827" class="blob-num js-line-number" data-line-number="827"></td>
        <td>826</td>
        <td>3rd</td>
        <td>0</td>
        <td>Goodwin, Master. Harold Victor</td>
        <td>male</td>
        <td>9</td>
        <td>5</td>
        <td>2</td>
        <td>CA 2144</td>
        <td>46.9000015</td>
        <td></td>
        <td>Southampton</td>
        <td></td>
        <td>NA</td>
        <td>Wiltshire, England Niagara Fall</td>
      </tr>
      <tr id="LC828" class="js-file-line">
        <td id="L828" class="blob-num js-line-number" data-line-number="828"></td>
        <td>827</td>
        <td>3rd</td>
        <td>0</td>
        <td>Goodwin, Master. Sidney Leonard</td>
        <td>male</td>
        <td>1</td>
        <td>5</td>
        <td>2</td>
        <td>CA 2144</td>
        <td>46.9000015</td>
        <td></td>
        <td>Southampton</td>
        <td></td>
        <td>NA</td>
        <td>Wiltshire, England Niagara Fall</td>
      </tr>
      <tr id="LC829" class="js-file-line">
        <td id="L829" class="blob-num js-line-number" data-line-number="829"></td>
        <td>828</td>
        <td>3rd</td>
        <td>0</td>
        <td>Goodwin, Master. William Freder</td>
        <td>male</td>
        <td>11</td>
        <td>5</td>
        <td>2</td>
        <td>CA 2144</td>
        <td>46.9000015</td>
        <td></td>
        <td>Southampton</td>
        <td></td>
        <td>NA</td>
        <td>Wiltshire, England Niagara Fall</td>
      </tr>
      <tr id="LC830" class="js-file-line">
        <td id="L830" class="blob-num js-line-number" data-line-number="830"></td>
        <td>829</td>
        <td>3rd</td>
        <td>0</td>
        <td>Goodwin, Miss. Jessie Allis</td>
        <td>female</td>
        <td>10</td>
        <td>5</td>
        <td>2</td>
        <td>CA 2144</td>
        <td>46.9000015</td>
        <td></td>
        <td>Southampton</td>
        <td></td>
        <td>NA</td>
        <td>Wiltshire, England Niagara Fall</td>
      </tr>
      <tr id="LC831" class="js-file-line">
        <td id="L831" class="blob-num js-line-number" data-line-number="831"></td>
        <td>830</td>
        <td>3rd</td>
        <td>0</td>
        <td>Goodwin, Miss. Lillian Amy</td>
        <td>female</td>
        <td>16</td>
        <td>5</td>
        <td>2</td>
        <td>CA 2144</td>
        <td>46.9000015</td>
        <td></td>
        <td>Southampton</td>
        <td></td>
        <td>NA</td>
        <td>Wiltshire, England Niagara Fall</td>
      </tr>
      <tr id="LC832" class="js-file-line">
        <td id="L832" class="blob-num js-line-number" data-line-number="832"></td>
        <td>831</td>
        <td>3rd</td>
        <td>0</td>
        <td>Goodwin, Mr. Charles Edward</td>
        <td>male</td>
        <td>14</td>
        <td>5</td>
        <td>2</td>
        <td>CA 2144</td>
        <td>46.9000015</td>
        <td></td>
        <td>Southampton</td>
        <td></td>
        <td>NA</td>
        <td>Wiltshire, England Niagara Fall</td>
      </tr>
      <tr id="LC833" class="js-file-line">
        <td id="L833" class="blob-num js-line-number" data-line-number="833"></td>
        <td>832</td>
        <td>3rd</td>
        <td>0</td>
        <td>Goodwin, Mr. Charles Frederick</td>
        <td>male</td>
        <td>40</td>
        <td>1</td>
        <td>6</td>
        <td>CA 2144</td>
        <td>46.9000015</td>
        <td></td>
        <td>Southampton</td>
        <td></td>
        <td>NA</td>
        <td>Wiltshire, England Niagara Fall</td>
      </tr>
      <tr id="LC834" class="js-file-line">
        <td id="L834" class="blob-num js-line-number" data-line-number="834"></td>
        <td>833</td>
        <td>3rd</td>
        <td>0</td>
        <td>Goodwin, Mrs. Frederick (August</td>
        <td>female</td>
        <td>43</td>
        <td>1</td>
        <td>6</td>
        <td>CA 2144</td>
        <td>46.9000015</td>
        <td></td>
        <td>Southampton</td>
        <td></td>
        <td>NA</td>
        <td>Wiltshire, England Niagara Fall</td>
      </tr>
      <tr id="LC835" class="js-file-line">
        <td id="L835" class="blob-num js-line-number" data-line-number="835"></td>
        <td>834</td>
        <td>3rd</td>
        <td>0</td>
        <td>Green, Mr. George Henry</td>
        <td>male</td>
        <td>51</td>
        <td>0</td>
        <td>0</td>
        <td>21440</td>
        <td>8.05000019</td>
        <td></td>
        <td>Southampton</td>
        <td></td>
        <td>NA</td>
        <td>Dorking, Surrey, England</td>
      </tr>
      <tr id="LC836" class="js-file-line">
        <td id="L836" class="blob-num js-line-number" data-line-number="836"></td>
        <td>835</td>
        <td>3rd</td>
        <td>0</td>
        <td>Gronnestad, Mr. Daniel Danielse</td>
        <td>male</td>
        <td>32</td>
        <td>0</td>
        <td>0</td>
        <td>8471</td>
        <td>8.36250019</td>
        <td></td>
        <td>Southampton</td>
        <td></td>
        <td>NA</td>
        <td>Foresvik, Norway Portland, ND</td>
      </tr>
      <tr id="LC837" class="js-file-line">
        <td id="L837" class="blob-num js-line-number" data-line-number="837"></td>
        <td>836</td>
        <td>3rd</td>
        <td>0</td>
        <td>Guest, Mr. Robert</td>
        <td>male</td>
        <td>NA</td>
        <td>0</td>
        <td>0</td>
        <td>376563</td>
        <td>8.05000019</td>
        <td></td>
        <td>Southampton</td>
        <td></td>
        <td>NA</td>
        <td></td>
      </tr>
      <tr id="LC838" class="js-file-line">
        <td id="L838" class="blob-num js-line-number" data-line-number="838"></td>
        <td>837</td>
        <td>3rd</td>
        <td>0</td>
        <td>Gustafsson, Mr. Alfred Ossian</td>
        <td>male</td>
        <td>20</td>
        <td>0</td>
        <td>0</td>
        <td>7534</td>
        <td>9.8458004</td>
        <td></td>
        <td>Southampton</td>
        <td></td>
        <td>NA</td>
        <td>Waukegan, Chicago, IL</td>
      </tr>
      <tr id="LC839" class="js-file-line">
        <td id="L839" class="blob-num js-line-number" data-line-number="839"></td>
        <td>838</td>
        <td>3rd</td>
        <td>0</td>
        <td>Gustafsson, Mr. Anders Vilhelm</td>
        <td>male</td>
        <td>37</td>
        <td>2</td>
        <td>0</td>
        <td>3101276</td>
        <td>7.92500019</td>
        <td></td>
        <td>Southampton</td>
        <td></td>
        <td>98</td>
        <td>Ruotsinphytaa, Finland New York</td>
      </tr>
      <tr id="LC840" class="js-file-line">
        <td id="L840" class="blob-num js-line-number" data-line-number="840"></td>
        <td>839</td>
        <td>3rd</td>
        <td>0</td>
        <td>Gustafsson, Mr. Johan Birger</td>
        <td>male</td>
        <td>28</td>
        <td>2</td>
        <td>0</td>
        <td>3101277</td>
        <td>7.92500019</td>
        <td></td>
        <td>Southampton</td>
        <td></td>
        <td>NA</td>
        <td>Ruotsinphytaa, Finland New York</td>
      </tr>
      <tr id="LC841" class="js-file-line">
        <td id="L841" class="blob-num js-line-number" data-line-number="841"></td>
        <td>840</td>
        <td>3rd</td>
        <td>0</td>
        <td>Gustafsson, Mr. Karl Gideon</td>
        <td>male</td>
        <td>19</td>
        <td>0</td>
        <td>0</td>
        <td>347069</td>
        <td>7.7750001</td>
        <td></td>
        <td>Southampton</td>
        <td></td>
        <td>NA</td>
        <td>Myren, Sweden New York, NY</td>
      </tr>
      <tr id="LC842" class="js-file-line">
        <td id="L842" class="blob-num js-line-number" data-line-number="842"></td>
        <td>841</td>
        <td>3rd</td>
        <td>0</td>
        <td>Haas, Miss. Aloisia</td>
        <td>female</td>
        <td>24</td>
        <td>0</td>
        <td>0</td>
        <td>349236</td>
        <td>8.85000038</td>
        <td></td>
        <td>Southampton</td>
        <td></td>
        <td>NA</td>
        <td></td>
      </tr>
      <tr id="LC843" class="js-file-line">
        <td id="L843" class="blob-num js-line-number" data-line-number="843"></td>
        <td>842</td>
        <td>3rd</td>
        <td>0</td>
        <td>Hagardon, Miss. Kate</td>
        <td>female</td>
        <td>17</td>
        <td>0</td>
        <td>0</td>
        <td>AQ/3. 30631</td>
        <td>7.73330021</td>
        <td></td>
        <td>Queenstown</td>
        <td></td>
        <td>NA</td>
        <td></td>
      </tr>
      <tr id="LC844" class="js-file-line">
        <td id="L844" class="blob-num js-line-number" data-line-number="844"></td>
        <td>843</td>
        <td>3rd</td>
        <td>0</td>
        <td>Hagland, Mr. Ingvald Olai Olsen</td>
        <td>male</td>
        <td>NA</td>
        <td>1</td>
        <td>0</td>
        <td>65303</td>
        <td>19.9666996</td>
        <td></td>
        <td>Southampton</td>
        <td></td>
        <td>NA</td>
        <td></td>
      </tr>
      <tr id="LC845" class="js-file-line">
        <td id="L845" class="blob-num js-line-number" data-line-number="845"></td>
        <td>844</td>
        <td>3rd</td>
        <td>0</td>
        <td>Hagland, Mr. Konrad Mathias Rei</td>
        <td>male</td>
        <td>NA</td>
        <td>1</td>
        <td>0</td>
        <td>65304</td>
        <td>19.9666996</td>
        <td></td>
        <td>Southampton</td>
        <td></td>
        <td>NA</td>
        <td></td>
      </tr>
      <tr id="LC846" class="js-file-line">
        <td id="L846" class="blob-num js-line-number" data-line-number="846"></td>
        <td>845</td>
        <td>3rd</td>
        <td>0</td>
        <td>Hakkarainen, Mr. Pekka Pietari</td>
        <td>male</td>
        <td>28</td>
        <td>1</td>
        <td>0</td>
        <td>STON/O2. 3101279</td>
        <td>15.8500004</td>
        <td></td>
        <td>Southampton</td>
        <td></td>
        <td>NA</td>
        <td></td>
      </tr>
      <tr id="LC847" class="js-file-line">
        <td id="L847" class="blob-num js-line-number" data-line-number="847"></td>
        <td>846</td>
        <td>3rd</td>
        <td>1</td>
        <td>Hakkarainen, Mrs. Pekka Pietari</td>
        <td>female</td>
        <td>24</td>
        <td>1</td>
        <td>0</td>
        <td>STON/O2. 3101279</td>
        <td>15.8500004</td>
        <td></td>
        <td>Southampton</td>
        <td>15</td>
        <td>NA</td>
        <td></td>
      </tr>
      <tr id="LC848" class="js-file-line">
        <td id="L848" class="blob-num js-line-number" data-line-number="848"></td>
        <td>847</td>
        <td>3rd</td>
        <td>0</td>
        <td>Hampe, Mr. Leon</td>
        <td>male</td>
        <td>20</td>
        <td>0</td>
        <td>0</td>
        <td>345769</td>
        <td>9.5</td>
        <td></td>
        <td>Southampton</td>
        <td></td>
        <td>NA</td>
        <td></td>
      </tr>
      <tr id="LC849" class="js-file-line">
        <td id="L849" class="blob-num js-line-number" data-line-number="849"></td>
        <td>848</td>
        <td>3rd</td>
        <td>0</td>
        <td>Hanna, Mr. Mansour</td>
        <td>male</td>
        <td>23.5</td>
        <td>0</td>
        <td>0</td>
        <td>2693</td>
        <td>7.22919989</td>
        <td></td>
        <td>Cherbourg</td>
        <td></td>
        <td>188</td>
        <td></td>
      </tr>
      <tr id="LC850" class="js-file-line">
        <td id="L850" class="blob-num js-line-number" data-line-number="850"></td>
        <td>849</td>
        <td>3rd</td>
        <td>0</td>
        <td>Hansen, Mr. Claus Peter</td>
        <td>male</td>
        <td>41</td>
        <td>2</td>
        <td>0</td>
        <td>350026</td>
        <td>14.1083002</td>
        <td></td>
        <td>Southampton</td>
        <td></td>
        <td>NA</td>
        <td></td>
      </tr>
      <tr id="LC851" class="js-file-line">
        <td id="L851" class="blob-num js-line-number" data-line-number="851"></td>
        <td>850</td>
        <td>3rd</td>
        <td>0</td>
        <td>Hansen, Mr. Henrik Juul</td>
        <td>male</td>
        <td>26</td>
        <td>1</td>
        <td>0</td>
        <td>350025</td>
        <td>7.85419989</td>
        <td></td>
        <td>Southampton</td>
        <td></td>
        <td>NA</td>
        <td></td>
      </tr>
      <tr id="LC852" class="js-file-line">
        <td id="L852" class="blob-num js-line-number" data-line-number="852"></td>
        <td>851</td>
        <td>3rd</td>
        <td>0</td>
        <td>Hansen, Mr. Henry Damsgaard</td>
        <td>male</td>
        <td>21</td>
        <td>0</td>
        <td>0</td>
        <td>350029</td>
        <td>7.85419989</td>
        <td></td>
        <td>Southampton</td>
        <td></td>
        <td>69</td>
        <td></td>
      </tr>
      <tr id="LC853" class="js-file-line">
        <td id="L853" class="blob-num js-line-number" data-line-number="853"></td>
        <td>852</td>
        <td>3rd</td>
        <td>1</td>
        <td>Hansen, Mrs. Claus Peter (Jenni</td>
        <td>female</td>
        <td>45</td>
        <td>1</td>
        <td>0</td>
        <td>350026</td>
        <td>14.1083002</td>
        <td></td>
        <td>Southampton</td>
        <td>11</td>
        <td>NA</td>
        <td></td>
      </tr>
      <tr id="LC854" class="js-file-line">
        <td id="L854" class="blob-num js-line-number" data-line-number="854"></td>
        <td>853</td>
        <td>3rd</td>
        <td>0</td>
        <td>Harknett, Miss. Alice Phoebe</td>
        <td>female</td>
        <td>NA</td>
        <td>0</td>
        <td>0</td>
        <td>W./C. 6609</td>
        <td>7.55000019</td>
        <td></td>
        <td>Southampton</td>
        <td></td>
        <td>NA</td>
        <td></td>
      </tr>
      <tr id="LC855" class="js-file-line">
        <td id="L855" class="blob-num js-line-number" data-line-number="855"></td>
        <td>854</td>
        <td>3rd</td>
        <td>0</td>
        <td>Harmer, Mr. Abraham (David Lish</td>
        <td>male</td>
        <td>25</td>
        <td>0</td>
        <td>0</td>
        <td>374887</td>
        <td>7.25</td>
        <td></td>
        <td>Southampton</td>
        <td>B</td>
        <td>NA</td>
        <td></td>
      </tr>
      <tr id="LC856" class="js-file-line">
        <td id="L856" class="blob-num js-line-number" data-line-number="856"></td>
        <td>855</td>
        <td>3rd</td>
        <td>0</td>
        <td>Hart, Mr. Henry</td>
        <td>male</td>
        <td>NA</td>
        <td>0</td>
        <td>0</td>
        <td>394140</td>
        <td>6.85830021</td>
        <td></td>
        <td>Queenstown</td>
        <td></td>
        <td>NA</td>
        <td></td>
      </tr>
      <tr id="LC857" class="js-file-line">
        <td id="L857" class="blob-num js-line-number" data-line-number="857"></td>
        <td>856</td>
        <td>3rd</td>
        <td>0</td>
        <td>Hassan, Mr. Houssein G N</td>
        <td>male</td>
        <td>11</td>
        <td>0</td>
        <td>0</td>
        <td>2699</td>
        <td>18.7875004</td>
        <td></td>
        <td>Cherbourg</td>
        <td></td>
        <td>NA</td>
        <td></td>
      </tr>
      <tr id="LC858" class="js-file-line">
        <td id="L858" class="blob-num js-line-number" data-line-number="858"></td>
        <td>857</td>
        <td>3rd</td>
        <td>1</td>
        <td>Healy, Miss. Hanora \&quot;Nora\&quot;</td>
        <td>female</td>
        <td>NA</td>
        <td>0</td>
        <td>0</td>
        <td>370375</td>
        <td>7.75</td>
        <td></td>
        <td>Queenstown</td>
        <td>16</td>
        <td>NA</td>
        <td></td>
      </tr>
      <tr id="LC859" class="js-file-line">
        <td id="L859" class="blob-num js-line-number" data-line-number="859"></td>
        <td>858</td>
        <td>3rd</td>
        <td>1</td>
        <td>Hedman, Mr. Oskar Arvid</td>
        <td>male</td>
        <td>27</td>
        <td>0</td>
        <td>0</td>
        <td>347089</td>
        <td>6.9749999</td>
        <td></td>
        <td>Southampton</td>
        <td>15</td>
        <td>NA</td>
        <td></td>
      </tr>
      <tr id="LC860" class="js-file-line">
        <td id="L860" class="blob-num js-line-number" data-line-number="860"></td>
        <td>859</td>
        <td>3rd</td>
        <td>1</td>
        <td>Hee, Mr. Ling</td>
        <td>male</td>
        <td>NA</td>
        <td>0</td>
        <td>0</td>
        <td>1601</td>
        <td>56.4958</td>
        <td></td>
        <td>Southampton</td>
        <td>C</td>
        <td>NA</td>
        <td></td>
      </tr>
      <tr id="LC861" class="js-file-line">
        <td id="L861" class="blob-num js-line-number" data-line-number="861"></td>
        <td>860</td>
        <td>3rd</td>
        <td>0</td>
        <td>Hegarty, Miss. Hanora \&quot;Nora\&quot;</td>
        <td>female</td>
        <td>18</td>
        <td>0</td>
        <td>0</td>
        <td>365226</td>
        <td>6.75</td>
        <td></td>
        <td>Queenstown</td>
        <td></td>
        <td>NA</td>
        <td></td>
      </tr>
      <tr id="LC862" class="js-file-line">
        <td id="L862" class="blob-num js-line-number" data-line-number="862"></td>
        <td>861</td>
        <td>3rd</td>
        <td>1</td>
        <td>Heikkinen, Miss. Laina</td>
        <td>female</td>
        <td>26</td>
        <td>0</td>
        <td>0</td>
        <td>STON/O2. 3101282</td>
        <td>7.92500019</td>
        <td></td>
        <td>Southampton</td>
        <td></td>
        <td>NA</td>
        <td></td>
      </tr>
      <tr id="LC863" class="js-file-line">
        <td id="L863" class="blob-num js-line-number" data-line-number="863"></td>
        <td>862</td>
        <td>3rd</td>
        <td>0</td>
        <td>Heininen, Miss. Wendla Maria</td>
        <td>female</td>
        <td>23</td>
        <td>0</td>
        <td>0</td>
        <td>STON/O2. 3101290</td>
        <td>7.92500019</td>
        <td></td>
        <td>Southampton</td>
        <td></td>
        <td>NA</td>
        <td></td>
      </tr>
      <tr id="LC864" class="js-file-line">
        <td id="L864" class="blob-num js-line-number" data-line-number="864"></td>
        <td>863</td>
        <td>3rd</td>
        <td>1</td>
        <td>Hellstrom, Miss. Hilda Maria</td>
        <td>female</td>
        <td>22</td>
        <td>0</td>
        <td>0</td>
        <td>7548</td>
        <td>8.96249962</td>
        <td></td>
        <td>Southampton</td>
        <td>C</td>
        <td>NA</td>
        <td></td>
      </tr>
      <tr id="LC865" class="js-file-line">
        <td id="L865" class="blob-num js-line-number" data-line-number="865"></td>
        <td>864</td>
        <td>3rd</td>
        <td>0</td>
        <td>Hendekovic, Mr. Ignjac</td>
        <td>male</td>
        <td>28</td>
        <td>0</td>
        <td>0</td>
        <td>349243</td>
        <td>7.89580011</td>
        <td></td>
        <td>Southampton</td>
        <td></td>
        <td>306</td>
        <td></td>
      </tr>
      <tr id="LC866" class="js-file-line">
        <td id="L866" class="blob-num js-line-number" data-line-number="866"></td>
        <td>865</td>
        <td>3rd</td>
        <td>0</td>
        <td>Henriksson, Miss. Jenny Lovisa</td>
        <td>female</td>
        <td>28</td>
        <td>0</td>
        <td>0</td>
        <td>347086</td>
        <td>7.7750001</td>
        <td></td>
        <td>Southampton</td>
        <td></td>
        <td>NA</td>
        <td></td>
      </tr>
      <tr id="LC867" class="js-file-line">
        <td id="L867" class="blob-num js-line-number" data-line-number="867"></td>
        <td>866</td>
        <td>3rd</td>
        <td>0</td>
        <td>Henry, Miss. Delia</td>
        <td>female</td>
        <td>NA</td>
        <td>0</td>
        <td>0</td>
        <td>382649</td>
        <td>7.75</td>
        <td></td>
        <td>Queenstown</td>
        <td></td>
        <td>NA</td>
        <td></td>
      </tr>
      <tr id="LC868" class="js-file-line">
        <td id="L868" class="blob-num js-line-number" data-line-number="868"></td>
        <td>867</td>
        <td>3rd</td>
        <td>1</td>
        <td>Hirvonen, Miss. Hildur E</td>
        <td>female</td>
        <td>2</td>
        <td>0</td>
        <td>1</td>
        <td>3101298</td>
        <td>12.2875004</td>
        <td></td>
        <td>Southampton</td>
        <td>15</td>
        <td>NA</td>
        <td></td>
      </tr>
      <tr id="LC869" class="js-file-line">
        <td id="L869" class="blob-num js-line-number" data-line-number="869"></td>
        <td>868</td>
        <td>3rd</td>
        <td>1</td>
        <td>Hirvonen, Mrs. Alexander (Helga</td>
        <td>female</td>
        <td>22</td>
        <td>1</td>
        <td>1</td>
        <td>3101298</td>
        <td>12.2875004</td>
        <td></td>
        <td>Southampton</td>
        <td>15</td>
        <td>NA</td>
        <td></td>
      </tr>
      <tr id="LC870" class="js-file-line">
        <td id="L870" class="blob-num js-line-number" data-line-number="870"></td>
        <td>869</td>
        <td>3rd</td>
        <td>0</td>
        <td>Holm, Mr. John Fredrik Alexande</td>
        <td>male</td>
        <td>43</td>
        <td>0</td>
        <td>0</td>
        <td>C 7075</td>
        <td>6.44999981</td>
        <td></td>
        <td>Southampton</td>
        <td></td>
        <td>NA</td>
        <td></td>
      </tr>
      <tr id="LC871" class="js-file-line">
        <td id="L871" class="blob-num js-line-number" data-line-number="871"></td>
        <td>870</td>
        <td>3rd</td>
        <td>0</td>
        <td>Holthen, Mr. Johan Martin</td>
        <td>male</td>
        <td>28</td>
        <td>0</td>
        <td>0</td>
        <td>C 4001</td>
        <td>22.5249996</td>
        <td></td>
        <td>Southampton</td>
        <td></td>
        <td>NA</td>
        <td></td>
      </tr>
      <tr id="LC872" class="js-file-line">
        <td id="L872" class="blob-num js-line-number" data-line-number="872"></td>
        <td>871</td>
        <td>3rd</td>
        <td>1</td>
        <td>Honkanen, Miss. Eliina</td>
        <td>female</td>
        <td>27</td>
        <td>0</td>
        <td>0</td>
        <td>STON/O2. 3101283</td>
        <td>7.92500019</td>
        <td></td>
        <td>Southampton</td>
        <td></td>
        <td>NA</td>
        <td></td>
      </tr>
      <tr id="LC873" class="js-file-line">
        <td id="L873" class="blob-num js-line-number" data-line-number="873"></td>
        <td>872</td>
        <td>3rd</td>
        <td>0</td>
        <td>Horgan, Mr. John</td>
        <td>male</td>
        <td>NA</td>
        <td>0</td>
        <td>0</td>
        <td>370377</td>
        <td>7.75</td>
        <td></td>
        <td>Queenstown</td>
        <td></td>
        <td>NA</td>
        <td></td>
      </tr>
      <tr id="LC874" class="js-file-line">
        <td id="L874" class="blob-num js-line-number" data-line-number="874"></td>
        <td>873</td>
        <td>3rd</td>
        <td>1</td>
        <td>Howard, Miss. May Elizabeth</td>
        <td>female</td>
        <td>NA</td>
        <td>0</td>
        <td>0</td>
        <td>A. 2. 39186</td>
        <td>8.05000019</td>
        <td></td>
        <td>Southampton</td>
        <td>C</td>
        <td>NA</td>
        <td></td>
      </tr>
      <tr id="LC875" class="js-file-line">
        <td id="L875" class="blob-num js-line-number" data-line-number="875"></td>
        <td>874</td>
        <td>3rd</td>
        <td>0</td>
        <td>Humblen, Mr. Adolf Mathias Nico</td>
        <td>male</td>
        <td>42</td>
        <td>0</td>
        <td>0</td>
        <td>348121</td>
        <td>7.6500001</td>
        <td>F G63</td>
        <td>Southampton</td>
        <td></td>
        <td>120</td>
        <td></td>
      </tr>
      <tr id="LC876" class="js-file-line">
        <td id="L876" class="blob-num js-line-number" data-line-number="876"></td>
        <td>875</td>
        <td>3rd</td>
        <td>1</td>
        <td>Hyman, Mr. Abraham</td>
        <td>male</td>
        <td>NA</td>
        <td>0</td>
        <td>0</td>
        <td>3470</td>
        <td>7.88749981</td>
        <td></td>
        <td>Southampton</td>
        <td>C</td>
        <td>NA</td>
        <td></td>
      </tr>
      <tr id="LC877" class="js-file-line">
        <td id="L877" class="blob-num js-line-number" data-line-number="877"></td>
        <td>876</td>
        <td>3rd</td>
        <td>0</td>
        <td>Ibrahim Shawah, Mr. Yousseff</td>
        <td>male</td>
        <td>30</td>
        <td>0</td>
        <td>0</td>
        <td>2685</td>
        <td>7.22919989</td>
        <td></td>
        <td>Cherbourg</td>
        <td></td>
        <td>NA</td>
        <td></td>
      </tr>
      <tr id="LC878" class="js-file-line">
        <td id="L878" class="blob-num js-line-number" data-line-number="878"></td>
        <td>877</td>
        <td>3rd</td>
        <td>0</td>
        <td>Ilieff, Mr. Ylio</td>
        <td>male</td>
        <td>NA</td>
        <td>0</td>
        <td>0</td>
        <td>349220</td>
        <td>7.89580011</td>
        <td></td>
        <td>Southampton</td>
        <td></td>
        <td>NA</td>
        <td></td>
      </tr>
      <tr id="LC879" class="js-file-line">
        <td id="L879" class="blob-num js-line-number" data-line-number="879"></td>
        <td>878</td>
        <td>3rd</td>
        <td>0</td>
        <td>Ilmakangas, Miss. Ida Livija</td>
        <td>female</td>
        <td>27</td>
        <td>1</td>
        <td>0</td>
        <td>STON/O2. 3101270</td>
        <td>7.92500019</td>
        <td></td>
        <td>Southampton</td>
        <td></td>
        <td>NA</td>
        <td></td>
      </tr>
      <tr id="LC880" class="js-file-line">
        <td id="L880" class="blob-num js-line-number" data-line-number="880"></td>
        <td>879</td>
        <td>3rd</td>
        <td>0</td>
        <td>Ilmakangas, Miss. Pieta Sofia</td>
        <td>female</td>
        <td>25</td>
        <td>1</td>
        <td>0</td>
        <td>STON/O2. 3101271</td>
        <td>7.92500019</td>
        <td></td>
        <td>Southampton</td>
        <td></td>
        <td>NA</td>
        <td></td>
      </tr>
      <tr id="LC881" class="js-file-line">
        <td id="L881" class="blob-num js-line-number" data-line-number="881"></td>
        <td>880</td>
        <td>3rd</td>
        <td>0</td>
        <td>Ivanoff, Mr. Kanio</td>
        <td>male</td>
        <td>NA</td>
        <td>0</td>
        <td>0</td>
        <td>349201</td>
        <td>7.89580011</td>
        <td></td>
        <td>Southampton</td>
        <td></td>
        <td>NA</td>
        <td></td>
      </tr>
      <tr id="LC882" class="js-file-line">
        <td id="L882" class="blob-num js-line-number" data-line-number="882"></td>
        <td>881</td>
        <td>3rd</td>
        <td>1</td>
        <td>Jalsevac, Mr. Ivan</td>
        <td>male</td>
        <td>29</td>
        <td>0</td>
        <td>0</td>
        <td>349240</td>
        <td>7.89580011</td>
        <td></td>
        <td>Cherbourg</td>
        <td>15</td>
        <td>NA</td>
        <td></td>
      </tr>
      <tr id="LC883" class="js-file-line">
        <td id="L883" class="blob-num js-line-number" data-line-number="883"></td>
        <td>882</td>
        <td>3rd</td>
        <td>1</td>
        <td>Jansson, Mr. Carl Olof</td>
        <td>male</td>
        <td>21</td>
        <td>0</td>
        <td>0</td>
        <td>350034</td>
        <td>7.79580021</td>
        <td></td>
        <td>Southampton</td>
        <td>A</td>
        <td>NA</td>
        <td></td>
      </tr>
      <tr id="LC884" class="js-file-line">
        <td id="L884" class="blob-num js-line-number" data-line-number="884"></td>
        <td>883</td>
        <td>3rd</td>
        <td>0</td>
        <td>Jardin, Mr. Jose Neto</td>
        <td>male</td>
        <td>NA</td>
        <td>0</td>
        <td>0</td>
        <td>SOTON/O.Q. 3101305</td>
        <td>7.05000019</td>
        <td></td>
        <td>Southampton</td>
        <td></td>
        <td>NA</td>
        <td></td>
      </tr>
      <tr id="LC885" class="js-file-line">
        <td id="L885" class="blob-num js-line-number" data-line-number="885"></td>
        <td>884</td>
        <td>3rd</td>
        <td>0</td>
        <td>Jensen, Mr. Hans Peder</td>
        <td>male</td>
        <td>20</td>
        <td>0</td>
        <td>0</td>
        <td>350050</td>
        <td>7.85419989</td>
        <td></td>
        <td>Southampton</td>
        <td></td>
        <td>NA</td>
        <td></td>
      </tr>
      <tr id="LC886" class="js-file-line">
        <td id="L886" class="blob-num js-line-number" data-line-number="886"></td>
        <td>885</td>
        <td>3rd</td>
        <td>0</td>
        <td>Jensen, Mr. Niels Peder</td>
        <td>male</td>
        <td>48</td>
        <td>0</td>
        <td>0</td>
        <td>350047</td>
        <td>7.85419989</td>
        <td></td>
        <td>Southampton</td>
        <td></td>
        <td>NA</td>
        <td></td>
      </tr>
      <tr id="LC887" class="js-file-line">
        <td id="L887" class="blob-num js-line-number" data-line-number="887"></td>
        <td>886</td>
        <td>3rd</td>
        <td>0</td>
        <td>Jensen, Mr. Svend Lauritz</td>
        <td>male</td>
        <td>17</td>
        <td>1</td>
        <td>0</td>
        <td>350048</td>
        <td>7.05420017</td>
        <td></td>
        <td>Southampton</td>
        <td></td>
        <td>NA</td>
        <td></td>
      </tr>
      <tr id="LC888" class="js-file-line">
        <td id="L888" class="blob-num js-line-number" data-line-number="888"></td>
        <td>887</td>
        <td>3rd</td>
        <td>1</td>
        <td>Jermyn, Miss. Annie</td>
        <td>female</td>
        <td>NA</td>
        <td>0</td>
        <td>0</td>
        <td>14313</td>
        <td>7.75</td>
        <td></td>
        <td>Queenstown</td>
        <td>D</td>
        <td>NA</td>
        <td></td>
      </tr>
      <tr id="LC889" class="js-file-line">
        <td id="L889" class="blob-num js-line-number" data-line-number="889"></td>
        <td>888</td>
        <td>3rd</td>
        <td>1</td>
        <td>Johannesen-Bratthammer, Mr. Ber</td>
        <td>male</td>
        <td>NA</td>
        <td>0</td>
        <td>0</td>
        <td>65306</td>
        <td>8.11250019</td>
        <td></td>
        <td>Southampton</td>
        <td>13</td>
        <td>NA</td>
        <td></td>
      </tr>
      <tr id="LC890" class="js-file-line">
        <td id="L890" class="blob-num js-line-number" data-line-number="890"></td>
        <td>889</td>
        <td>3rd</td>
        <td>0</td>
        <td>Johanson, Mr. Jakob Alfred</td>
        <td>male</td>
        <td>34</td>
        <td>0</td>
        <td>0</td>
        <td>3101264</td>
        <td>6.49580002</td>
        <td></td>
        <td>Southampton</td>
        <td></td>
        <td>143</td>
        <td></td>
      </tr>
      <tr id="LC891" class="js-file-line">
        <td id="L891" class="blob-num js-line-number" data-line-number="891"></td>
        <td>890</td>
        <td>3rd</td>
        <td>1</td>
        <td>Johansson Palmquist, Mr. Oskar</td>
        <td>male</td>
        <td>26</td>
        <td>0</td>
        <td>0</td>
        <td>347070</td>
        <td>7.7750001</td>
        <td></td>
        <td>Southampton</td>
        <td>15</td>
        <td>NA</td>
        <td></td>
      </tr>
      <tr id="LC892" class="js-file-line">
        <td id="L892" class="blob-num js-line-number" data-line-number="892"></td>
        <td>891</td>
        <td>3rd</td>
        <td>0</td>
        <td>Johansson, Mr. Erik</td>
        <td>male</td>
        <td>22</td>
        <td>0</td>
        <td>0</td>
        <td>350052</td>
        <td>7.79580021</td>
        <td></td>
        <td>Southampton</td>
        <td></td>
        <td>156</td>
        <td></td>
      </tr>
      <tr id="LC893" class="js-file-line">
        <td id="L893" class="blob-num js-line-number" data-line-number="893"></td>
        <td>892</td>
        <td>3rd</td>
        <td>0</td>
        <td>Johansson, Mr. Gustaf Joel</td>
        <td>male</td>
        <td>33</td>
        <td>0</td>
        <td>0</td>
        <td>7540</td>
        <td>8.6541996</td>
        <td></td>
        <td>Southampton</td>
        <td></td>
        <td>285</td>
        <td></td>
      </tr>
      <tr id="LC894" class="js-file-line">
        <td id="L894" class="blob-num js-line-number" data-line-number="894"></td>
        <td>893</td>
        <td>3rd</td>
        <td>0</td>
        <td>Johansson, Mr. Karl Johan</td>
        <td>male</td>
        <td>31</td>
        <td>0</td>
        <td>0</td>
        <td>347063</td>
        <td>7.7750001</td>
        <td></td>
        <td>Southampton</td>
        <td></td>
        <td>NA</td>
        <td></td>
      </tr>
      <tr id="LC895" class="js-file-line">
        <td id="L895" class="blob-num js-line-number" data-line-number="895"></td>
        <td>894</td>
        <td>3rd</td>
        <td>0</td>
        <td>Johansson, Mr. Nils</td>
        <td>male</td>
        <td>29</td>
        <td>0</td>
        <td>0</td>
        <td>347467</td>
        <td>7.85419989</td>
        <td></td>
        <td>Southampton</td>
        <td></td>
        <td>NA</td>
        <td></td>
      </tr>
      <tr id="LC896" class="js-file-line">
        <td id="L896" class="blob-num js-line-number" data-line-number="896"></td>
        <td>895</td>
        <td>3rd</td>
        <td>1</td>
        <td>Johnson, Master. Harold Theodor</td>
        <td>male</td>
        <td>4</td>
        <td>1</td>
        <td>1</td>
        <td>347742</td>
        <td>11.1332998</td>
        <td></td>
        <td>Southampton</td>
        <td>15</td>
        <td>NA</td>
        <td></td>
      </tr>
      <tr id="LC897" class="js-file-line">
        <td id="L897" class="blob-num js-line-number" data-line-number="897"></td>
        <td>896</td>
        <td>3rd</td>
        <td>1</td>
        <td>Johnson, Miss. Eleanor Ileen</td>
        <td>female</td>
        <td>1</td>
        <td>1</td>
        <td>1</td>
        <td>347742</td>
        <td>11.1332998</td>
        <td></td>
        <td>Southampton</td>
        <td>15</td>
        <td>NA</td>
        <td></td>
      </tr>
      <tr id="LC898" class="js-file-line">
        <td id="L898" class="blob-num js-line-number" data-line-number="898"></td>
        <td>897</td>
        <td>3rd</td>
        <td>0</td>
        <td>Johnson, Mr. Alfred</td>
        <td>male</td>
        <td>49</td>
        <td>0</td>
        <td>0</td>
        <td>LINE</td>
        <td>0</td>
        <td></td>
        <td>Southampton</td>
        <td></td>
        <td>NA</td>
        <td></td>
      </tr>
      <tr id="LC899" class="js-file-line">
        <td id="L899" class="blob-num js-line-number" data-line-number="899"></td>
        <td>898</td>
        <td>3rd</td>
        <td>0</td>
        <td>Johnson, Mr. Malkolm Joackim</td>
        <td>male</td>
        <td>33</td>
        <td>0</td>
        <td>0</td>
        <td>347062</td>
        <td>7.7750001</td>
        <td></td>
        <td>Southampton</td>
        <td></td>
        <td>37</td>
        <td></td>
      </tr>
      <tr id="LC900" class="js-file-line">
        <td id="L900" class="blob-num js-line-number" data-line-number="900"></td>
        <td>899</td>
        <td>3rd</td>
        <td>0</td>
        <td>Johnson, Mr. William Cahoone Jr</td>
        <td>male</td>
        <td>19</td>
        <td>0</td>
        <td>0</td>
        <td>LINE</td>
        <td>0</td>
        <td></td>
        <td>Southampton</td>
        <td></td>
        <td>NA</td>
        <td></td>
      </tr>
      <tr id="LC901" class="js-file-line">
        <td id="L901" class="blob-num js-line-number" data-line-number="901"></td>
        <td>900</td>
        <td>3rd</td>
        <td>1</td>
        <td>Johnson, Mrs. Oscar W (Elisabet</td>
        <td>female</td>
        <td>27</td>
        <td>0</td>
        <td>2</td>
        <td>347742</td>
        <td>11.1332998</td>
        <td></td>
        <td>Southampton</td>
        <td>15</td>
        <td>NA</td>
        <td></td>
      </tr>
      <tr id="LC902" class="js-file-line">
        <td id="L902" class="blob-num js-line-number" data-line-number="902"></td>
        <td>901</td>
        <td>3rd</td>
        <td>0</td>
        <td>Johnston, Master. William Arthu</td>
        <td>male</td>
        <td>NA</td>
        <td>1</td>
        <td>2</td>
        <td>W./C. 6607</td>
        <td>23.4500008</td>
        <td></td>
        <td>Southampton</td>
        <td></td>
        <td>NA</td>
        <td></td>
      </tr>
      <tr id="LC903" class="js-file-line">
        <td id="L903" class="blob-num js-line-number" data-line-number="903"></td>
        <td>902</td>
        <td>3rd</td>
        <td>0</td>
        <td>Johnston, Miss. Catherine Helen</td>
        <td>female</td>
        <td>NA</td>
        <td>1</td>
        <td>2</td>
        <td>W./C. 6607</td>
        <td>23.4500008</td>
        <td></td>
        <td>Southampton</td>
        <td></td>
        <td>NA</td>
        <td></td>
      </tr>
      <tr id="LC904" class="js-file-line">
        <td id="L904" class="blob-num js-line-number" data-line-number="904"></td>
        <td>903</td>
        <td>3rd</td>
        <td>0</td>
        <td>Johnston, Mr. Andrew G</td>
        <td>male</td>
        <td>NA</td>
        <td>1</td>
        <td>2</td>
        <td>W./C. 6607</td>
        <td>23.4500008</td>
        <td></td>
        <td>Southampton</td>
        <td></td>
        <td>NA</td>
        <td></td>
      </tr>
      <tr id="LC905" class="js-file-line">
        <td id="L905" class="blob-num js-line-number" data-line-number="905"></td>
        <td>904</td>
        <td>3rd</td>
        <td>0</td>
        <td>Johnston, Mrs. Andrew G (Elizab</td>
        <td>female</td>
        <td>NA</td>
        <td>1</td>
        <td>2</td>
        <td>W./C. 6607</td>
        <td>23.4500008</td>
        <td></td>
        <td>Southampton</td>
        <td></td>
        <td>NA</td>
        <td></td>
      </tr>
      <tr id="LC906" class="js-file-line">
        <td id="L906" class="blob-num js-line-number" data-line-number="906"></td>
        <td>905</td>
        <td>3rd</td>
        <td>0</td>
        <td>Jonkoff, Mr. Lalio</td>
        <td>male</td>
        <td>23</td>
        <td>0</td>
        <td>0</td>
        <td>349204</td>
        <td>7.89580011</td>
        <td></td>
        <td>Southampton</td>
        <td></td>
        <td>NA</td>
        <td></td>
      </tr>
      <tr id="LC907" class="js-file-line">
        <td id="L907" class="blob-num js-line-number" data-line-number="907"></td>
        <td>906</td>
        <td>3rd</td>
        <td>1</td>
        <td>Jonsson, Mr. Carl</td>
        <td>male</td>
        <td>32</td>
        <td>0</td>
        <td>0</td>
        <td>350417</td>
        <td>7.85419989</td>
        <td></td>
        <td>Southampton</td>
        <td>15</td>
        <td>NA</td>
        <td></td>
      </tr>
      <tr id="LC908" class="js-file-line">
        <td id="L908" class="blob-num js-line-number" data-line-number="908"></td>
        <td>907</td>
        <td>3rd</td>
        <td>0</td>
        <td>Jonsson, Mr. Nils Hilding</td>
        <td>male</td>
        <td>27</td>
        <td>0</td>
        <td>0</td>
        <td>350408</td>
        <td>7.85419989</td>
        <td></td>
        <td>Southampton</td>
        <td></td>
        <td>NA</td>
        <td></td>
      </tr>
      <tr id="LC909" class="js-file-line">
        <td id="L909" class="blob-num js-line-number" data-line-number="909"></td>
        <td>908</td>
        <td>3rd</td>
        <td>0</td>
        <td>Jussila, Miss. Katriina</td>
        <td>female</td>
        <td>20</td>
        <td>1</td>
        <td>0</td>
        <td>4136</td>
        <td>9.82499981</td>
        <td></td>
        <td>Southampton</td>
        <td></td>
        <td>NA</td>
        <td></td>
      </tr>
      <tr id="LC910" class="js-file-line">
        <td id="L910" class="blob-num js-line-number" data-line-number="910"></td>
        <td>909</td>
        <td>3rd</td>
        <td>0</td>
        <td>Jussila, Miss. Mari Aina</td>
        <td>female</td>
        <td>21</td>
        <td>1</td>
        <td>0</td>
        <td>4137</td>
        <td>9.82499981</td>
        <td></td>
        <td>Southampton</td>
        <td></td>
        <td>NA</td>
        <td></td>
      </tr>
      <tr id="LC911" class="js-file-line">
        <td id="L911" class="blob-num js-line-number" data-line-number="911"></td>
        <td>910</td>
        <td>3rd</td>
        <td>1</td>
        <td>Jussila, Mr. Eiriik</td>
        <td>male</td>
        <td>32</td>
        <td>0</td>
        <td>0</td>
        <td>STON/O 2. 3101286</td>
        <td>7.92500019</td>
        <td></td>
        <td>Southampton</td>
        <td>15</td>
        <td>NA</td>
        <td></td>
      </tr>
      <tr id="LC912" class="js-file-line">
        <td id="L912" class="blob-num js-line-number" data-line-number="912"></td>
        <td>911</td>
        <td>3rd</td>
        <td>0</td>
        <td>Kallio, Mr. Nikolai Erland</td>
        <td>male</td>
        <td>17</td>
        <td>0</td>
        <td>0</td>
        <td>STON/O 2. 3101274</td>
        <td>7.125</td>
        <td></td>
        <td>Southampton</td>
        <td></td>
        <td>NA</td>
        <td></td>
      </tr>
      <tr id="LC913" class="js-file-line">
        <td id="L913" class="blob-num js-line-number" data-line-number="913"></td>
        <td>912</td>
        <td>3rd</td>
        <td>0</td>
        <td>Kalvik, Mr. Johannes Halvorsen</td>
        <td>male</td>
        <td>21</td>
        <td>0</td>
        <td>0</td>
        <td>8475</td>
        <td>8.43330002</td>
        <td></td>
        <td>Southampton</td>
        <td></td>
        <td>NA</td>
        <td></td>
      </tr>
      <tr id="LC914" class="js-file-line">
        <td id="L914" class="blob-num js-line-number" data-line-number="914"></td>
        <td>913</td>
        <td>3rd</td>
        <td>0</td>
        <td>Karaic, Mr. Milan</td>
        <td>male</td>
        <td>30</td>
        <td>0</td>
        <td>0</td>
        <td>349246</td>
        <td>7.89580011</td>
        <td></td>
        <td>Southampton</td>
        <td></td>
        <td>NA</td>
        <td></td>
      </tr>
      <tr id="LC915" class="js-file-line">
        <td id="L915" class="blob-num js-line-number" data-line-number="915"></td>
        <td>914</td>
        <td>3rd</td>
        <td>1</td>
        <td>Karlsson, Mr. Einar Gervasius</td>
        <td>male</td>
        <td>21</td>
        <td>0</td>
        <td>0</td>
        <td>350053</td>
        <td>7.79580021</td>
        <td></td>
        <td>Southampton</td>
        <td>13</td>
        <td>NA</td>
        <td></td>
      </tr>
      <tr id="LC916" class="js-file-line">
        <td id="L916" class="blob-num js-line-number" data-line-number="916"></td>
        <td>915</td>
        <td>3rd</td>
        <td>0</td>
        <td>Karlsson, Mr. Julius Konrad Eug</td>
        <td>male</td>
        <td>33</td>
        <td>0</td>
        <td>0</td>
        <td>347465</td>
        <td>7.85419989</td>
        <td></td>
        <td>Southampton</td>
        <td></td>
        <td>NA</td>
        <td></td>
      </tr>
      <tr id="LC917" class="js-file-line">
        <td id="L917" class="blob-num js-line-number" data-line-number="917"></td>
        <td>916</td>
        <td>3rd</td>
        <td>0</td>
        <td>Karlsson, Mr. Nils August</td>
        <td>male</td>
        <td>22</td>
        <td>0</td>
        <td>0</td>
        <td>350060</td>
        <td>7.52080011</td>
        <td></td>
        <td>Southampton</td>
        <td></td>
        <td>NA</td>
        <td></td>
      </tr>
      <tr id="LC918" class="js-file-line">
        <td id="L918" class="blob-num js-line-number" data-line-number="918"></td>
        <td>917</td>
        <td>3rd</td>
        <td>1</td>
        <td>Karun, Miss. Manca</td>
        <td>female</td>
        <td>4</td>
        <td>0</td>
        <td>1</td>
        <td>349256</td>
        <td>13.4167004</td>
        <td></td>
        <td>Cherbourg</td>
        <td>15</td>
        <td>NA</td>
        <td></td>
      </tr>
      <tr id="LC919" class="js-file-line">
        <td id="L919" class="blob-num js-line-number" data-line-number="919"></td>
        <td>918</td>
        <td>3rd</td>
        <td>1</td>
        <td>Karun, Mr. Franz</td>
        <td>male</td>
        <td>39</td>
        <td>0</td>
        <td>1</td>
        <td>349256</td>
        <td>13.4167004</td>
        <td></td>
        <td>Cherbourg</td>
        <td>15</td>
        <td>NA</td>
        <td></td>
      </tr>
      <tr id="LC920" class="js-file-line">
        <td id="L920" class="blob-num js-line-number" data-line-number="920"></td>
        <td>919</td>
        <td>3rd</td>
        <td>0</td>
        <td>Kassem, Mr. Fared</td>
        <td>male</td>
        <td>NA</td>
        <td>0</td>
        <td>0</td>
        <td>2700</td>
        <td>7.22919989</td>
        <td></td>
        <td>Cherbourg</td>
        <td></td>
        <td>NA</td>
        <td></td>
      </tr>
      <tr id="LC921" class="js-file-line">
        <td id="L921" class="blob-num js-line-number" data-line-number="921"></td>
        <td>920</td>
        <td>3rd</td>
        <td>0</td>
        <td>Katavelas, Mr. Vassilios (\&quot;Cata</td>
        <td>male</td>
        <td>18.5</td>
        <td>0</td>
        <td>0</td>
        <td>2682</td>
        <td>7.22919989</td>
        <td></td>
        <td>Cherbourg</td>
        <td></td>
        <td>58</td>
        <td></td>
      </tr>
      <tr id="LC922" class="js-file-line">
        <td id="L922" class="blob-num js-line-number" data-line-number="922"></td>
        <td>921</td>
        <td>3rd</td>
        <td>0</td>
        <td>Keane, Mr. Andrew \&quot;Andy\&quot;</td>
        <td>male</td>
        <td>NA</td>
        <td>0</td>
        <td>0</td>
        <td>12460</td>
        <td>7.75</td>
        <td></td>
        <td>Queenstown</td>
        <td></td>
        <td>NA</td>
        <td></td>
      </tr>
      <tr id="LC923" class="js-file-line">
        <td id="L923" class="blob-num js-line-number" data-line-number="923"></td>
        <td>922</td>
        <td>3rd</td>
        <td>0</td>
        <td>Keefe, Mr. Arthur</td>
        <td>male</td>
        <td>NA</td>
        <td>0</td>
        <td>0</td>
        <td>323592</td>
        <td>7.25</td>
        <td></td>
        <td>Southampton</td>
        <td>A</td>
        <td>NA</td>
        <td></td>
      </tr>
      <tr id="LC924" class="js-file-line">
        <td id="L924" class="blob-num js-line-number" data-line-number="924"></td>
        <td>923</td>
        <td>3rd</td>
        <td>1</td>
        <td>Kelly, Miss. Anna Katherine \&quot;An</td>
        <td>female</td>
        <td>NA</td>
        <td>0</td>
        <td>0</td>
        <td>9234</td>
        <td>7.75</td>
        <td></td>
        <td>Queenstown</td>
        <td>16</td>
        <td>NA</td>
        <td></td>
      </tr>
      <tr id="LC925" class="js-file-line">
        <td id="L925" class="blob-num js-line-number" data-line-number="925"></td>
        <td>924</td>
        <td>3rd</td>
        <td>1</td>
        <td>Kelly, Miss. Mary</td>
        <td>female</td>
        <td>NA</td>
        <td>0</td>
        <td>0</td>
        <td>14312</td>
        <td>7.75</td>
        <td></td>
        <td>Queenstown</td>
        <td>D</td>
        <td>NA</td>
        <td></td>
      </tr>
      <tr id="LC926" class="js-file-line">
        <td id="L926" class="blob-num js-line-number" data-line-number="926"></td>
        <td>925</td>
        <td>3rd</td>
        <td>0</td>
        <td>Kelly, Mr. James</td>
        <td>male</td>
        <td>34.5</td>
        <td>0</td>
        <td>0</td>
        <td>330911</td>
        <td>7.82919979</td>
        <td></td>
        <td>Queenstown</td>
        <td></td>
        <td>70</td>
        <td></td>
      </tr>
      <tr id="LC927" class="js-file-line">
        <td id="L927" class="blob-num js-line-number" data-line-number="927"></td>
        <td>926</td>
        <td>3rd</td>
        <td>0</td>
        <td>Kelly, Mr. James</td>
        <td>male</td>
        <td>44</td>
        <td>0</td>
        <td>0</td>
        <td>363592</td>
        <td>8.05000019</td>
        <td></td>
        <td>Southampton</td>
        <td></td>
        <td>NA</td>
        <td></td>
      </tr>
      <tr id="LC928" class="js-file-line">
        <td id="L928" class="blob-num js-line-number" data-line-number="928"></td>
        <td>927</td>
        <td>3rd</td>
        <td>1</td>
        <td>Kennedy, Mr. John</td>
        <td>male</td>
        <td>NA</td>
        <td>0</td>
        <td>0</td>
        <td>368783</td>
        <td>7.75</td>
        <td></td>
        <td>Queenstown</td>
        <td></td>
        <td>NA</td>
        <td></td>
      </tr>
      <tr id="LC929" class="js-file-line">
        <td id="L929" class="blob-num js-line-number" data-line-number="929"></td>
        <td>928</td>
        <td>3rd</td>
        <td>0</td>
        <td>Khalil, Mr. Betros</td>
        <td>male</td>
        <td>NA</td>
        <td>1</td>
        <td>0</td>
        <td>2660</td>
        <td>14.4541998</td>
        <td></td>
        <td>Cherbourg</td>
        <td></td>
        <td>NA</td>
        <td></td>
      </tr>
      <tr id="LC930" class="js-file-line">
        <td id="L930" class="blob-num js-line-number" data-line-number="930"></td>
        <td>929</td>
        <td>3rd</td>
        <td>0</td>
        <td>Khalil, Mrs. Betros (Zahie \&quot;Mar</td>
        <td>female</td>
        <td>NA</td>
        <td>1</td>
        <td>0</td>
        <td>2660</td>
        <td>14.4541998</td>
        <td></td>
        <td>Cherbourg</td>
        <td></td>
        <td>NA</td>
        <td></td>
      </tr>
      <tr id="LC931" class="js-file-line">
        <td id="L931" class="blob-num js-line-number" data-line-number="931"></td>
        <td>930</td>
        <td>3rd</td>
        <td>0</td>
        <td>Kiernan, Mr. John</td>
        <td>male</td>
        <td>NA</td>
        <td>1</td>
        <td>0</td>
        <td>367227</td>
        <td>7.75</td>
        <td></td>
        <td>Queenstown</td>
        <td></td>
        <td>NA</td>
        <td></td>
      </tr>
      <tr id="LC932" class="js-file-line">
        <td id="L932" class="blob-num js-line-number" data-line-number="932"></td>
        <td>931</td>
        <td>3rd</td>
        <td>0</td>
        <td>Kiernan, Mr. Philip</td>
        <td>male</td>
        <td>NA</td>
        <td>1</td>
        <td>0</td>
        <td>367229</td>
        <td>7.75</td>
        <td></td>
        <td>Queenstown</td>
        <td></td>
        <td>NA</td>
        <td></td>
      </tr>
      <tr id="LC933" class="js-file-line">
        <td id="L933" class="blob-num js-line-number" data-line-number="933"></td>
        <td>932</td>
        <td>3rd</td>
        <td>0</td>
        <td>Kilgannon, Mr. Thomas J</td>
        <td>male</td>
        <td>NA</td>
        <td>0</td>
        <td>0</td>
        <td>36865</td>
        <td>7.73750019</td>
        <td></td>
        <td>Queenstown</td>
        <td></td>
        <td>NA</td>
        <td></td>
      </tr>
      <tr id="LC934" class="js-file-line">
        <td id="L934" class="blob-num js-line-number" data-line-number="934"></td>
        <td>933</td>
        <td>3rd</td>
        <td>0</td>
        <td>Kink, Miss. Maria</td>
        <td>female</td>
        <td>22</td>
        <td>2</td>
        <td>0</td>
        <td>315152</td>
        <td>8.66250038</td>
        <td></td>
        <td>Southampton</td>
        <td></td>
        <td>NA</td>
        <td></td>
      </tr>
      <tr id="LC935" class="js-file-line">
        <td id="L935" class="blob-num js-line-number" data-line-number="935"></td>
        <td>934</td>
        <td>3rd</td>
        <td>0</td>
        <td>Kink, Mr. Vincenz</td>
        <td>male</td>
        <td>26</td>
        <td>2</td>
        <td>0</td>
        <td>315151</td>
        <td>8.66250038</td>
        <td></td>
        <td>Southampton</td>
        <td></td>
        <td>NA</td>
        <td></td>
      </tr>
      <tr id="LC936" class="js-file-line">
        <td id="L936" class="blob-num js-line-number" data-line-number="936"></td>
        <td>935</td>
        <td>3rd</td>
        <td>1</td>
        <td>Kink-Heilmann, Miss. Luise Gret</td>
        <td>female</td>
        <td>4</td>
        <td>0</td>
        <td>2</td>
        <td>315153</td>
        <td>22.0249996</td>
        <td></td>
        <td>Southampton</td>
        <td>2</td>
        <td>NA</td>
        <td></td>
      </tr>
      <tr id="LC937" class="js-file-line">
        <td id="L937" class="blob-num js-line-number" data-line-number="937"></td>
        <td>936</td>
        <td>3rd</td>
        <td>1</td>
        <td>Kink-Heilmann, Mr. Anton</td>
        <td>male</td>
        <td>29</td>
        <td>3</td>
        <td>1</td>
        <td>315153</td>
        <td>22.0249996</td>
        <td></td>
        <td>Southampton</td>
        <td>2</td>
        <td>NA</td>
        <td></td>
      </tr>
      <tr id="LC938" class="js-file-line">
        <td id="L938" class="blob-num js-line-number" data-line-number="938"></td>
        <td>937</td>
        <td>3rd</td>
        <td>1</td>
        <td>Kink-Heilmann, Mrs. Anton (Luis</td>
        <td>female</td>
        <td>26</td>
        <td>1</td>
        <td>1</td>
        <td>315153</td>
        <td>22.0249996</td>
        <td></td>
        <td>Southampton</td>
        <td>2</td>
        <td>NA</td>
        <td></td>
      </tr>
      <tr id="LC939" class="js-file-line">
        <td id="L939" class="blob-num js-line-number" data-line-number="939"></td>
        <td>938</td>
        <td>3rd</td>
        <td>0</td>
        <td>Klasen, Miss. Gertrud Emilia</td>
        <td>female</td>
        <td>1</td>
        <td>1</td>
        <td>1</td>
        <td>350405</td>
        <td>12.1833</td>
        <td></td>
        <td>Southampton</td>
        <td></td>
        <td>NA</td>
        <td></td>
      </tr>
      <tr id="LC940" class="js-file-line">
        <td id="L940" class="blob-num js-line-number" data-line-number="940"></td>
        <td>939</td>
        <td>3rd</td>
        <td>0</td>
        <td>Klasen, Mr. Klas Albin</td>
        <td>male</td>
        <td>18</td>
        <td>1</td>
        <td>1</td>
        <td>350404</td>
        <td>7.85419989</td>
        <td></td>
        <td>Southampton</td>
        <td></td>
        <td>NA</td>
        <td></td>
      </tr>
      <tr id="LC941" class="js-file-line">
        <td id="L941" class="blob-num js-line-number" data-line-number="941"></td>
        <td>940</td>
        <td>3rd</td>
        <td>0</td>
        <td>Klasen, Mrs. (Hulda Kristina Eu</td>
        <td>female</td>
        <td>36</td>
        <td>0</td>
        <td>2</td>
        <td>350405</td>
        <td>12.1833</td>
        <td></td>
        <td>Southampton</td>
        <td></td>
        <td>NA</td>
        <td></td>
      </tr>
      <tr id="LC942" class="js-file-line">
        <td id="L942" class="blob-num js-line-number" data-line-number="942"></td>
        <td>941</td>
        <td>3rd</td>
        <td>0</td>
        <td>Kraeff, Mr. Theodor</td>
        <td>male</td>
        <td>NA</td>
        <td>0</td>
        <td>0</td>
        <td>349253</td>
        <td>7.89580011</td>
        <td></td>
        <td>Cherbourg</td>
        <td></td>
        <td>NA</td>
        <td></td>
      </tr>
      <tr id="LC943" class="js-file-line">
        <td id="L943" class="blob-num js-line-number" data-line-number="943"></td>
        <td>942</td>
        <td>3rd</td>
        <td>1</td>
        <td>Krekorian, Mr. Neshan</td>
        <td>male</td>
        <td>25</td>
        <td>0</td>
        <td>0</td>
        <td>2654</td>
        <td>7.22919989</td>
        <td>F E57</td>
        <td>Cherbourg</td>
        <td>10</td>
        <td>NA</td>
        <td></td>
      </tr>
      <tr id="LC944" class="js-file-line">
        <td id="L944" class="blob-num js-line-number" data-line-number="944"></td>
        <td>943</td>
        <td>3rd</td>
        <td>0</td>
        <td>Lahoud, Mr. Sarkis</td>
        <td>male</td>
        <td>NA</td>
        <td>0</td>
        <td>0</td>
        <td>2624</td>
        <td>7.2249999</td>
        <td></td>
        <td>Cherbourg</td>
        <td></td>
        <td>NA</td>
        <td></td>
      </tr>
      <tr id="LC945" class="js-file-line">
        <td id="L945" class="blob-num js-line-number" data-line-number="945"></td>
        <td>944</td>
        <td>3rd</td>
        <td>0</td>
        <td>Laitinen, Miss. Kristina Sofia</td>
        <td>female</td>
        <td>37</td>
        <td>0</td>
        <td>0</td>
        <td>4135</td>
        <td>9.58749962</td>
        <td></td>
        <td>Southampton</td>
        <td></td>
        <td>NA</td>
        <td></td>
      </tr>
      <tr id="LC946" class="js-file-line">
        <td id="L946" class="blob-num js-line-number" data-line-number="946"></td>
        <td>945</td>
        <td>3rd</td>
        <td>0</td>
        <td>Laleff, Mr. Kristo</td>
        <td>male</td>
        <td>NA</td>
        <td>0</td>
        <td>0</td>
        <td>349217</td>
        <td>7.89580011</td>
        <td></td>
        <td>Southampton</td>
        <td></td>
        <td>NA</td>
        <td></td>
      </tr>
      <tr id="LC947" class="js-file-line">
        <td id="L947" class="blob-num js-line-number" data-line-number="947"></td>
        <td>946</td>
        <td>3rd</td>
        <td>1</td>
        <td>Lam, Mr. Ali</td>
        <td>male</td>
        <td>NA</td>
        <td>0</td>
        <td>0</td>
        <td>1601</td>
        <td>56.4958</td>
        <td></td>
        <td>Southampton</td>
        <td>C</td>
        <td>NA</td>
        <td></td>
      </tr>
      <tr id="LC948" class="js-file-line">
        <td id="L948" class="blob-num js-line-number" data-line-number="948"></td>
        <td>947</td>
        <td>3rd</td>
        <td>0</td>
        <td>Lam, Mr. Len</td>
        <td>male</td>
        <td>NA</td>
        <td>0</td>
        <td>0</td>
        <td>1601</td>
        <td>56.4958</td>
        <td></td>
        <td>Southampton</td>
        <td></td>
        <td>NA</td>
        <td></td>
      </tr>
      <tr id="LC949" class="js-file-line">
        <td id="L949" class="blob-num js-line-number" data-line-number="949"></td>
        <td>948</td>
        <td>3rd</td>
        <td>1</td>
        <td>Landergren, Miss. Aurora Adelia</td>
        <td>female</td>
        <td>22</td>
        <td>0</td>
        <td>0</td>
        <td>C 7077</td>
        <td>7.25</td>
        <td></td>
        <td>Southampton</td>
        <td>13</td>
        <td>NA</td>
        <td></td>
      </tr>
      <tr id="LC950" class="js-file-line">
        <td id="L950" class="blob-num js-line-number" data-line-number="950"></td>
        <td>949</td>
        <td>3rd</td>
        <td>0</td>
        <td>Lane, Mr. Patrick</td>
        <td>male</td>
        <td>NA</td>
        <td>0</td>
        <td>0</td>
        <td>7935</td>
        <td>7.75</td>
        <td></td>
        <td>Queenstown</td>
        <td></td>
        <td>NA</td>
        <td></td>
      </tr>
      <tr id="LC951" class="js-file-line">
        <td id="L951" class="blob-num js-line-number" data-line-number="951"></td>
        <td>950</td>
        <td>3rd</td>
        <td>1</td>
        <td>Lang, Mr. Fang</td>
        <td>male</td>
        <td>26</td>
        <td>0</td>
        <td>0</td>
        <td>1601</td>
        <td>56.4958</td>
        <td></td>
        <td>Southampton</td>
        <td>14</td>
        <td>NA</td>
        <td></td>
      </tr>
      <tr id="LC952" class="js-file-line">
        <td id="L952" class="blob-num js-line-number" data-line-number="952"></td>
        <td>951</td>
        <td>3rd</td>
        <td>0</td>
        <td>Larsson, Mr. August Viktor</td>
        <td>male</td>
        <td>29</td>
        <td>0</td>
        <td>0</td>
        <td>7545</td>
        <td>9.48330021</td>
        <td></td>
        <td>Southampton</td>
        <td></td>
        <td>NA</td>
        <td></td>
      </tr>
      <tr id="LC953" class="js-file-line">
        <td id="L953" class="blob-num js-line-number" data-line-number="953"></td>
        <td>952</td>
        <td>3rd</td>
        <td>0</td>
        <td>Larsson, Mr. Bengt Edvin</td>
        <td>male</td>
        <td>29</td>
        <td>0</td>
        <td>0</td>
        <td>347067</td>
        <td>7.7750001</td>
        <td></td>
        <td>Southampton</td>
        <td></td>
        <td>NA</td>
        <td></td>
      </tr>
      <tr id="LC954" class="js-file-line">
        <td id="L954" class="blob-num js-line-number" data-line-number="954"></td>
        <td>953</td>
        <td>3rd</td>
        <td>0</td>
        <td>Larsson-Rondberg, Mr. Edvard A</td>
        <td>male</td>
        <td>22</td>
        <td>0</td>
        <td>0</td>
        <td>347065</td>
        <td>7.7750001</td>
        <td></td>
        <td>Southampton</td>
        <td></td>
        <td>NA</td>
        <td></td>
      </tr>
      <tr id="LC955" class="js-file-line">
        <td id="L955" class="blob-num js-line-number" data-line-number="955"></td>
        <td>954</td>
        <td>3rd</td>
        <td>1</td>
        <td>Leeni, Mr. Fahim (\&quot;Philip Zenni</td>
        <td>male</td>
        <td>22</td>
        <td>0</td>
        <td>0</td>
        <td>2620</td>
        <td>7.2249999</td>
        <td></td>
        <td>Cherbourg</td>
        <td>6</td>
        <td>NA</td>
        <td></td>
      </tr>
      <tr id="LC956" class="js-file-line">
        <td id="L956" class="blob-num js-line-number" data-line-number="956"></td>
        <td>955</td>
        <td>3rd</td>
        <td>0</td>
        <td>Lefebre, Master. Henry Forbes</td>
        <td>male</td>
        <td>NA</td>
        <td>3</td>
        <td>1</td>
        <td>4133</td>
        <td>25.4666996</td>
        <td></td>
        <td>Southampton</td>
        <td></td>
        <td>NA</td>
        <td></td>
      </tr>
      <tr id="LC957" class="js-file-line">
        <td id="L957" class="blob-num js-line-number" data-line-number="957"></td>
        <td>956</td>
        <td>3rd</td>
        <td>0</td>
        <td>Lefebre, Miss. Ida</td>
        <td>female</td>
        <td>NA</td>
        <td>3</td>
        <td>1</td>
        <td>4133</td>
        <td>25.4666996</td>
        <td></td>
        <td>Southampton</td>
        <td></td>
        <td>NA</td>
        <td></td>
      </tr>
      <tr id="LC958" class="js-file-line">
        <td id="L958" class="blob-num js-line-number" data-line-number="958"></td>
        <td>957</td>
        <td>3rd</td>
        <td>0</td>
        <td>Lefebre, Miss. Jeannie</td>
        <td>female</td>
        <td>NA</td>
        <td>3</td>
        <td>1</td>
        <td>4133</td>
        <td>25.4666996</td>
        <td></td>
        <td>Southampton</td>
        <td></td>
        <td>NA</td>
        <td></td>
      </tr>
      <tr id="LC959" class="js-file-line">
        <td id="L959" class="blob-num js-line-number" data-line-number="959"></td>
        <td>958</td>
        <td>3rd</td>
        <td>0</td>
        <td>Lefebre, Miss. Mathilde</td>
        <td>female</td>
        <td>NA</td>
        <td>3</td>
        <td>1</td>
        <td>4133</td>
        <td>25.4666996</td>
        <td></td>
        <td>Southampton</td>
        <td></td>
        <td>NA</td>
        <td></td>
      </tr>
      <tr id="LC960" class="js-file-line">
        <td id="L960" class="blob-num js-line-number" data-line-number="960"></td>
        <td>959</td>
        <td>3rd</td>
        <td>0</td>
        <td>Lefebre, Mrs. Frank (Frances)</td>
        <td>female</td>
        <td>NA</td>
        <td>0</td>
        <td>4</td>
        <td>4133</td>
        <td>25.4666996</td>
        <td></td>
        <td>Southampton</td>
        <td></td>
        <td>NA</td>
        <td></td>
      </tr>
      <tr id="LC961" class="js-file-line">
        <td id="L961" class="blob-num js-line-number" data-line-number="961"></td>
        <td>960</td>
        <td>3rd</td>
        <td>0</td>
        <td>Leinonen, Mr. Antti Gustaf</td>
        <td>male</td>
        <td>32</td>
        <td>0</td>
        <td>0</td>
        <td>STON/O 2. 3101292</td>
        <td>7.92500019</td>
        <td></td>
        <td>Southampton</td>
        <td></td>
        <td>NA</td>
        <td></td>
      </tr>
      <tr id="LC962" class="js-file-line">
        <td id="L962" class="blob-num js-line-number" data-line-number="962"></td>
        <td>961</td>
        <td>3rd</td>
        <td>0</td>
        <td>Lemberopolous, Mr. Peter L</td>
        <td>male</td>
        <td>34.5</td>
        <td>0</td>
        <td>0</td>
        <td>2683</td>
        <td>6.4375</td>
        <td></td>
        <td>Cherbourg</td>
        <td></td>
        <td>196</td>
        <td></td>
      </tr>
      <tr id="LC963" class="js-file-line">
        <td id="L963" class="blob-num js-line-number" data-line-number="963"></td>
        <td>962</td>
        <td>3rd</td>
        <td>0</td>
        <td>Lennon, Miss. Mary</td>
        <td>female</td>
        <td>NA</td>
        <td>1</td>
        <td>0</td>
        <td>370371</td>
        <td>15.5</td>
        <td></td>
        <td>Queenstown</td>
        <td></td>
        <td>NA</td>
        <td></td>
      </tr>
      <tr id="LC964" class="js-file-line">
        <td id="L964" class="blob-num js-line-number" data-line-number="964"></td>
        <td>963</td>
        <td>3rd</td>
        <td>0</td>
        <td>Lennon, Mr. Denis</td>
        <td>male</td>
        <td>NA</td>
        <td>1</td>
        <td>0</td>
        <td>370371</td>
        <td>15.5</td>
        <td></td>
        <td>Queenstown</td>
        <td></td>
        <td>NA</td>
        <td></td>
      </tr>
      <tr id="LC965" class="js-file-line">
        <td id="L965" class="blob-num js-line-number" data-line-number="965"></td>
        <td>964</td>
        <td>3rd</td>
        <td>0</td>
        <td>Leonard, Mr. Lionel</td>
        <td>male</td>
        <td>36</td>
        <td>0</td>
        <td>0</td>
        <td>LINE</td>
        <td>0</td>
        <td></td>
        <td>Southampton</td>
        <td></td>
        <td>NA</td>
        <td></td>
      </tr>
      <tr id="LC966" class="js-file-line">
        <td id="L966" class="blob-num js-line-number" data-line-number="966"></td>
        <td>965</td>
        <td>3rd</td>
        <td>0</td>
        <td>Lester, Mr. James</td>
        <td>male</td>
        <td>39</td>
        <td>0</td>
        <td>0</td>
        <td>A/4 48871</td>
        <td>24.1499996</td>
        <td></td>
        <td>Southampton</td>
        <td></td>
        <td>NA</td>
        <td></td>
      </tr>
      <tr id="LC967" class="js-file-line">
        <td id="L967" class="blob-num js-line-number" data-line-number="967"></td>
        <td>966</td>
        <td>3rd</td>
        <td>0</td>
        <td>Lievens, Mr. Rene Aime</td>
        <td>male</td>
        <td>24</td>
        <td>0</td>
        <td>0</td>
        <td>345781</td>
        <td>9.5</td>
        <td></td>
        <td>Southampton</td>
        <td></td>
        <td>NA</td>
        <td></td>
      </tr>
      <tr id="LC968" class="js-file-line">
        <td id="L968" class="blob-num js-line-number" data-line-number="968"></td>
        <td>967</td>
        <td>3rd</td>
        <td>0</td>
        <td>Lindahl, Miss. Agda Thorilda Vi</td>
        <td>female</td>
        <td>25</td>
        <td>0</td>
        <td>0</td>
        <td>347071</td>
        <td>7.7750001</td>
        <td></td>
        <td>Southampton</td>
        <td></td>
        <td>NA</td>
        <td></td>
      </tr>
      <tr id="LC969" class="js-file-line">
        <td id="L969" class="blob-num js-line-number" data-line-number="969"></td>
        <td>968</td>
        <td>3rd</td>
        <td>0</td>
        <td>Lindblom, Miss. Augusta Charlot</td>
        <td>female</td>
        <td>45</td>
        <td>0</td>
        <td>0</td>
        <td>347073</td>
        <td>7.75</td>
        <td></td>
        <td>Southampton</td>
        <td></td>
        <td>NA</td>
        <td></td>
      </tr>
      <tr id="LC970" class="js-file-line">
        <td id="L970" class="blob-num js-line-number" data-line-number="970"></td>
        <td>969</td>
        <td>3rd</td>
        <td>0</td>
        <td>Lindell, Mr. Edvard Bengtsson</td>
        <td>male</td>
        <td>36</td>
        <td>1</td>
        <td>0</td>
        <td>349910</td>
        <td>15.5500002</td>
        <td></td>
        <td>Southampton</td>
        <td>A</td>
        <td>NA</td>
        <td></td>
      </tr>
      <tr id="LC971" class="js-file-line">
        <td id="L971" class="blob-num js-line-number" data-line-number="971"></td>
        <td>970</td>
        <td>3rd</td>
        <td>0</td>
        <td>Lindell, Mrs. Edvard Bengtsson</td>
        <td>female</td>
        <td>30</td>
        <td>1</td>
        <td>0</td>
        <td>349910</td>
        <td>15.5500002</td>
        <td></td>
        <td>Southampton</td>
        <td>A</td>
        <td>NA</td>
        <td></td>
      </tr>
      <tr id="LC972" class="js-file-line">
        <td id="L972" class="blob-num js-line-number" data-line-number="972"></td>
        <td>971</td>
        <td>3rd</td>
        <td>1</td>
        <td>Lindqvist, Mr. Eino William</td>
        <td>male</td>
        <td>20</td>
        <td>1</td>
        <td>0</td>
        <td>STON/O 2. 3101285</td>
        <td>7.92500019</td>
        <td></td>
        <td>Southampton</td>
        <td>15</td>
        <td>NA</td>
        <td></td>
      </tr>
      <tr id="LC973" class="js-file-line">
        <td id="L973" class="blob-num js-line-number" data-line-number="973"></td>
        <td>972</td>
        <td>3rd</td>
        <td>0</td>
        <td>Linehan, Mr. Michael</td>
        <td>male</td>
        <td>NA</td>
        <td>0</td>
        <td>0</td>
        <td>330971</td>
        <td>7.87919998</td>
        <td></td>
        <td>Queenstown</td>
        <td></td>
        <td>NA</td>
        <td></td>
      </tr>
      <tr id="LC974" class="js-file-line">
        <td id="L974" class="blob-num js-line-number" data-line-number="974"></td>
        <td>973</td>
        <td>3rd</td>
        <td>0</td>
        <td>Ling, Mr. Lee</td>
        <td>male</td>
        <td>28</td>
        <td>0</td>
        <td>0</td>
        <td>1601</td>
        <td>56.4958</td>
        <td></td>
        <td>Southampton</td>
        <td></td>
        <td>NA</td>
        <td></td>
      </tr>
      <tr id="LC975" class="js-file-line">
        <td id="L975" class="blob-num js-line-number" data-line-number="975"></td>
        <td>974</td>
        <td>3rd</td>
        <td>0</td>
        <td>Lithman, Mr. Simon</td>
        <td>male</td>
        <td>NA</td>
        <td>0</td>
        <td>0</td>
        <td>S.O./P.P. 251</td>
        <td>7.55000019</td>
        <td></td>
        <td>Southampton</td>
        <td></td>
        <td>NA</td>
        <td></td>
      </tr>
      <tr id="LC976" class="js-file-line">
        <td id="L976" class="blob-num js-line-number" data-line-number="976"></td>
        <td>975</td>
        <td>3rd</td>
        <td>0</td>
        <td>Lobb, Mr. William Arthur</td>
        <td>male</td>
        <td>30</td>
        <td>1</td>
        <td>0</td>
        <td>A/5. 3336</td>
        <td>16.1000004</td>
        <td></td>
        <td>Southampton</td>
        <td></td>
        <td>NA</td>
        <td></td>
      </tr>
      <tr id="LC977" class="js-file-line">
        <td id="L977" class="blob-num js-line-number" data-line-number="977"></td>
        <td>976</td>
        <td>3rd</td>
        <td>0</td>
        <td>Lobb, Mrs. William Arthur (Cord</td>
        <td>female</td>
        <td>26</td>
        <td>1</td>
        <td>0</td>
        <td>A/5. 3336</td>
        <td>16.1000004</td>
        <td></td>
        <td>Southampton</td>
        <td></td>
        <td>NA</td>
        <td></td>
      </tr>
      <tr id="LC978" class="js-file-line">
        <td id="L978" class="blob-num js-line-number" data-line-number="978"></td>
        <td>977</td>
        <td>3rd</td>
        <td>0</td>
        <td>Lockyer, Mr. Edward</td>
        <td>male</td>
        <td>NA</td>
        <td>0</td>
        <td>0</td>
        <td>1222</td>
        <td>7.87919998</td>
        <td></td>
        <td>Southampton</td>
        <td></td>
        <td>153</td>
        <td></td>
      </tr>
      <tr id="LC979" class="js-file-line">
        <td id="L979" class="blob-num js-line-number" data-line-number="979"></td>
        <td>978</td>
        <td>3rd</td>
        <td>0</td>
        <td>Lovell, Mr. John Hall (\&quot;Henry\&quot;)</td>
        <td>male</td>
        <td>20.5</td>
        <td>0</td>
        <td>0</td>
        <td>A/5 21173</td>
        <td>7.25</td>
        <td></td>
        <td>Southampton</td>
        <td></td>
        <td>NA</td>
        <td></td>
      </tr>
      <tr id="LC980" class="js-file-line">
        <td id="L980" class="blob-num js-line-number" data-line-number="980"></td>
        <td>979</td>
        <td>3rd</td>
        <td>1</td>
        <td>Lulic, Mr. Nikola</td>
        <td>male</td>
        <td>27</td>
        <td>0</td>
        <td>0</td>
        <td>315098</td>
        <td>8.66250038</td>
        <td></td>
        <td>Southampton</td>
        <td>15</td>
        <td>NA</td>
        <td></td>
      </tr>
      <tr id="LC981" class="js-file-line">
        <td id="L981" class="blob-num js-line-number" data-line-number="981"></td>
        <td>980</td>
        <td>3rd</td>
        <td>0</td>
        <td>Lundahl, Mr. Johan Svensson</td>
        <td>male</td>
        <td>51</td>
        <td>0</td>
        <td>0</td>
        <td>347743</td>
        <td>7.05420017</td>
        <td></td>
        <td>Southampton</td>
        <td></td>
        <td>NA</td>
        <td></td>
      </tr>
      <tr id="LC982" class="js-file-line">
        <td id="L982" class="blob-num js-line-number" data-line-number="982"></td>
        <td>981</td>
        <td>3rd</td>
        <td>1</td>
        <td>Lundin, Miss. Olga Elida</td>
        <td>female</td>
        <td>23</td>
        <td>0</td>
        <td>0</td>
        <td>347469</td>
        <td>7.85419989</td>
        <td></td>
        <td>Southampton</td>
        <td>10</td>
        <td>NA</td>
        <td></td>
      </tr>
      <tr id="LC983" class="js-file-line">
        <td id="L983" class="blob-num js-line-number" data-line-number="983"></td>
        <td>982</td>
        <td>3rd</td>
        <td>1</td>
        <td>Lundstrom, Mr. Thure Edvin</td>
        <td>male</td>
        <td>32</td>
        <td>0</td>
        <td>0</td>
        <td>350403</td>
        <td>7.57919979</td>
        <td></td>
        <td>Southampton</td>
        <td>15</td>
        <td>NA</td>
        <td></td>
      </tr>
      <tr id="LC984" class="js-file-line">
        <td id="L984" class="blob-num js-line-number" data-line-number="984"></td>
        <td>983</td>
        <td>3rd</td>
        <td>0</td>
        <td>Lyntakoff, Mr. Stanko</td>
        <td>male</td>
        <td>NA</td>
        <td>0</td>
        <td>0</td>
        <td>349235</td>
        <td>7.89580011</td>
        <td></td>
        <td>Southampton</td>
        <td></td>
        <td>NA</td>
        <td></td>
      </tr>
      <tr id="LC985" class="js-file-line">
        <td id="L985" class="blob-num js-line-number" data-line-number="985"></td>
        <td>984</td>
        <td>3rd</td>
        <td>0</td>
        <td>MacKay, Mr. George William</td>
        <td>male</td>
        <td>NA</td>
        <td>0</td>
        <td>0</td>
        <td>C.A. 42795</td>
        <td>7.55000019</td>
        <td></td>
        <td>Southampton</td>
        <td></td>
        <td>NA</td>
        <td></td>
      </tr>
      <tr id="LC986" class="js-file-line">
        <td id="L986" class="blob-num js-line-number" data-line-number="986"></td>
        <td>985</td>
        <td>3rd</td>
        <td>1</td>
        <td>Madigan, Miss. Margaret \&quot;Maggie</td>
        <td>female</td>
        <td>NA</td>
        <td>0</td>
        <td>0</td>
        <td>370370</td>
        <td>7.75</td>
        <td></td>
        <td>Queenstown</td>
        <td>15</td>
        <td>NA</td>
        <td></td>
      </tr>
      <tr id="LC987" class="js-file-line">
        <td id="L987" class="blob-num js-line-number" data-line-number="987"></td>
        <td>986</td>
        <td>3rd</td>
        <td>1</td>
        <td>Madsen, Mr. Fridtjof Arne</td>
        <td>male</td>
        <td>24</td>
        <td>0</td>
        <td>0</td>
        <td>C 17369</td>
        <td>7.14169979</td>
        <td></td>
        <td>Southampton</td>
        <td>13</td>
        <td>NA</td>
        <td></td>
      </tr>
      <tr id="LC988" class="js-file-line">
        <td id="L988" class="blob-num js-line-number" data-line-number="988"></td>
        <td>987</td>
        <td>3rd</td>
        <td>0</td>
        <td>Maenpaa, Mr. Matti Alexanteri</td>
        <td>male</td>
        <td>22</td>
        <td>0</td>
        <td>0</td>
        <td>STON/O 2. 3101275</td>
        <td>7.125</td>
        <td></td>
        <td>Southampton</td>
        <td></td>
        <td>NA</td>
        <td></td>
      </tr>
      <tr id="LC989" class="js-file-line">
        <td id="L989" class="blob-num js-line-number" data-line-number="989"></td>
        <td>988</td>
        <td>3rd</td>
        <td>0</td>
        <td>Mahon, Miss. Bridget Delia</td>
        <td>female</td>
        <td>NA</td>
        <td>0</td>
        <td>0</td>
        <td>330924</td>
        <td>7.87919998</td>
        <td></td>
        <td>Queenstown</td>
        <td></td>
        <td>NA</td>
        <td></td>
      </tr>
      <tr id="LC990" class="js-file-line">
        <td id="L990" class="blob-num js-line-number" data-line-number="990"></td>
        <td>989</td>
        <td>3rd</td>
        <td>0</td>
        <td>Mahon, Mr. John</td>
        <td>male</td>
        <td>NA</td>
        <td>0</td>
        <td>0</td>
        <td>AQ/4 3130</td>
        <td>7.75</td>
        <td></td>
        <td>Queenstown</td>
        <td></td>
        <td>NA</td>
        <td></td>
      </tr>
      <tr id="LC991" class="js-file-line">
        <td id="L991" class="blob-num js-line-number" data-line-number="991"></td>
        <td>990</td>
        <td>3rd</td>
        <td>0</td>
        <td>Maisner, Mr. Simon</td>
        <td>male</td>
        <td>NA</td>
        <td>0</td>
        <td>0</td>
        <td>A/S 2816</td>
        <td>8.05000019</td>
        <td></td>
        <td>Southampton</td>
        <td></td>
        <td>NA</td>
        <td></td>
      </tr>
      <tr id="LC992" class="js-file-line">
        <td id="L992" class="blob-num js-line-number" data-line-number="992"></td>
        <td>991</td>
        <td>3rd</td>
        <td>0</td>
        <td>Makinen, Mr. Kalle Edvard</td>
        <td>male</td>
        <td>29</td>
        <td>0</td>
        <td>0</td>
        <td>STON/O 2. 3101268</td>
        <td>7.92500019</td>
        <td></td>
        <td>Southampton</td>
        <td></td>
        <td>NA</td>
        <td></td>
      </tr>
      <tr id="LC993" class="js-file-line">
        <td id="L993" class="blob-num js-line-number" data-line-number="993"></td>
        <td>992</td>
        <td>3rd</td>
        <td>1</td>
        <td>Mamee, Mr. Hanna</td>
        <td>male</td>
        <td>NA</td>
        <td>0</td>
        <td>0</td>
        <td>2677</td>
        <td>7.22919989</td>
        <td></td>
        <td>Cherbourg</td>
        <td>15</td>
        <td>NA</td>
        <td></td>
      </tr>
      <tr id="LC994" class="js-file-line">
        <td id="L994" class="blob-num js-line-number" data-line-number="994"></td>
        <td>993</td>
        <td>3rd</td>
        <td>0</td>
        <td>Mangan, Miss. Mary</td>
        <td>female</td>
        <td>30.5</td>
        <td>0</td>
        <td>0</td>
        <td>364850</td>
        <td>7.75</td>
        <td></td>
        <td>Queenstown</td>
        <td></td>
        <td>61</td>
        <td></td>
      </tr>
      <tr id="LC995" class="js-file-line">
        <td id="L995" class="blob-num js-line-number" data-line-number="995"></td>
        <td>994</td>
        <td>3rd</td>
        <td>1</td>
        <td>Mannion, Miss. Margareth</td>
        <td>female</td>
        <td>NA</td>
        <td>0</td>
        <td>0</td>
        <td>36866</td>
        <td>7.73750019</td>
        <td></td>
        <td>Queenstown</td>
        <td>16</td>
        <td>NA</td>
        <td></td>
      </tr>
      <tr id="LC996" class="js-file-line">
        <td id="L996" class="blob-num js-line-number" data-line-number="996"></td>
        <td>995</td>
        <td>3rd</td>
        <td>0</td>
        <td>Mardirosian, Mr. Sarkis</td>
        <td>male</td>
        <td>NA</td>
        <td>0</td>
        <td>0</td>
        <td>2655</td>
        <td>7.22919989</td>
        <td>F E46</td>
        <td>Cherbourg</td>
        <td></td>
        <td>NA</td>
        <td></td>
      </tr>
      <tr id="LC997" class="js-file-line">
        <td id="L997" class="blob-num js-line-number" data-line-number="997"></td>
        <td>996</td>
        <td>3rd</td>
        <td>0</td>
        <td>Markoff, Mr. Marin</td>
        <td>male</td>
        <td>35</td>
        <td>0</td>
        <td>0</td>
        <td>349213</td>
        <td>7.89580011</td>
        <td></td>
        <td>Cherbourg</td>
        <td></td>
        <td>NA</td>
        <td></td>
      </tr>
      <tr id="LC998" class="js-file-line">
        <td id="L998" class="blob-num js-line-number" data-line-number="998"></td>
        <td>997</td>
        <td>3rd</td>
        <td>0</td>
        <td>Markun, Mr. Johann</td>
        <td>male</td>
        <td>33</td>
        <td>0</td>
        <td>0</td>
        <td>349257</td>
        <td>7.89580011</td>
        <td></td>
        <td>Southampton</td>
        <td></td>
        <td>NA</td>
        <td></td>
      </tr>
      <tr id="LC999" class="js-file-line">
        <td id="L999" class="blob-num js-line-number" data-line-number="999"></td>
        <td>998</td>
        <td>3rd</td>
        <td>1</td>
        <td>Masselmani, Mrs. Fatima</td>
        <td>female</td>
        <td>NA</td>
        <td>0</td>
        <td>0</td>
        <td>2649</td>
        <td>7.2249999</td>
        <td></td>
        <td>Cherbourg</td>
        <td>C</td>
        <td>NA</td>
        <td></td>
      </tr>
      <tr id="LC1000" class="js-file-line">
        <td id="L1000" class="blob-num js-line-number" data-line-number="1000"></td>
        <td>999</td>
        <td>3rd</td>
        <td>0</td>
        <td>Matinoff, Mr. Nicola</td>
        <td>male</td>
        <td>NA</td>
        <td>0</td>
        <td>0</td>
        <td>349255</td>
        <td>7.89580011</td>
        <td></td>
        <td>Cherbourg</td>
        <td></td>
        <td>NA</td>
        <td></td>
      </tr>
      <tr id="LC1001" class="js-file-line">
        <td id="L1001" class="blob-num js-line-number" data-line-number="1001"></td>
        <td>1000</td>
        <td>3rd</td>
        <td>1</td>
        <td>McCarthy, Miss. Catherine \&quot;Kati</td>
        <td>female</td>
        <td>NA</td>
        <td>0</td>
        <td>0</td>
        <td>383123</td>
        <td>7.75</td>
        <td></td>
        <td>Queenstown</td>
        <td>15 16</td>
        <td>NA</td>
        <td></td>
      </tr>
      <tr id="LC1002" class="js-file-line">
        <td id="L1002" class="blob-num js-line-number" data-line-number="1002"></td>
        <td>1001</td>
        <td>3rd</td>
        <td>1</td>
        <td>McCormack, Mr. Thomas Joseph</td>
        <td>male</td>
        <td>NA</td>
        <td>0</td>
        <td>0</td>
        <td>367228</td>
        <td>7.75</td>
        <td></td>
        <td>Queenstown</td>
        <td></td>
        <td>NA</td>
        <td></td>
      </tr>
      <tr id="LC1003" class="js-file-line">
        <td id="L1003" class="blob-num js-line-number" data-line-number="1003"></td>
        <td>1002</td>
        <td>3rd</td>
        <td>1</td>
        <td>McCoy, Miss. Agnes</td>
        <td>female</td>
        <td>NA</td>
        <td>2</td>
        <td>0</td>
        <td>367226</td>
        <td>23.25</td>
        <td></td>
        <td>Queenstown</td>
        <td>16</td>
        <td>NA</td>
        <td></td>
      </tr>
      <tr id="LC1004" class="js-file-line">
        <td id="L1004" class="blob-num js-line-number" data-line-number="1004"></td>
        <td>1003</td>
        <td>3rd</td>
        <td>1</td>
        <td>McCoy, Miss. Alicia</td>
        <td>female</td>
        <td>NA</td>
        <td>2</td>
        <td>0</td>
        <td>367226</td>
        <td>23.25</td>
        <td></td>
        <td>Queenstown</td>
        <td>16</td>
        <td>NA</td>
        <td></td>
      </tr>
      <tr id="LC1005" class="js-file-line">
        <td id="L1005" class="blob-num js-line-number" data-line-number="1005"></td>
        <td>1004</td>
        <td>3rd</td>
        <td>1</td>
        <td>McCoy, Mr. Bernard</td>
        <td>male</td>
        <td>NA</td>
        <td>2</td>
        <td>0</td>
        <td>367226</td>
        <td>23.25</td>
        <td></td>
        <td>Queenstown</td>
        <td>16</td>
        <td>NA</td>
        <td></td>
      </tr>
      <tr id="LC1006" class="js-file-line">
        <td id="L1006" class="blob-num js-line-number" data-line-number="1006"></td>
        <td>1005</td>
        <td>3rd</td>
        <td>1</td>
        <td>McDermott, Miss. Brigdet Delia</td>
        <td>female</td>
        <td>NA</td>
        <td>0</td>
        <td>0</td>
        <td>330932</td>
        <td>7.7874999</td>
        <td></td>
        <td>Queenstown</td>
        <td>13</td>
        <td>NA</td>
        <td></td>
      </tr>
      <tr id="LC1007" class="js-file-line">
        <td id="L1007" class="blob-num js-line-number" data-line-number="1007"></td>
        <td>1006</td>
        <td>3rd</td>
        <td>0</td>
        <td>McEvoy, Mr. Michael</td>
        <td>male</td>
        <td>NA</td>
        <td>0</td>
        <td>0</td>
        <td>36568</td>
        <td>15.5</td>
        <td></td>
        <td>Queenstown</td>
        <td></td>
        <td>NA</td>
        <td></td>
      </tr>
      <tr id="LC1008" class="js-file-line">
        <td id="L1008" class="blob-num js-line-number" data-line-number="1008"></td>
        <td>1007</td>
        <td>3rd</td>
        <td>1</td>
        <td>McGovern, Miss. Mary</td>
        <td>female</td>
        <td>NA</td>
        <td>0</td>
        <td>0</td>
        <td>330931</td>
        <td>7.87919998</td>
        <td></td>
        <td>Queenstown</td>
        <td>13</td>
        <td>NA</td>
        <td></td>
      </tr>
      <tr id="LC1009" class="js-file-line">
        <td id="L1009" class="blob-num js-line-number" data-line-number="1009"></td>
        <td>1008</td>
        <td>3rd</td>
        <td>1</td>
        <td>McGowan, Miss. Anna \&quot;Annie\&quot;</td>
        <td>female</td>
        <td>15</td>
        <td>0</td>
        <td>0</td>
        <td>330923</td>
        <td>8.0291996</td>
        <td></td>
        <td>Queenstown</td>
        <td></td>
        <td>NA</td>
        <td></td>
      </tr>
      <tr id="LC1010" class="js-file-line">
        <td id="L1010" class="blob-num js-line-number" data-line-number="1010"></td>
        <td>1009</td>
        <td>3rd</td>
        <td>0</td>
        <td>McGowan, Miss. Katherine</td>
        <td>female</td>
        <td>35</td>
        <td>0</td>
        <td>0</td>
        <td>9232</td>
        <td>7.75</td>
        <td></td>
        <td>Queenstown</td>
        <td></td>
        <td>NA</td>
        <td></td>
      </tr>
      <tr id="LC1011" class="js-file-line">
        <td id="L1011" class="blob-num js-line-number" data-line-number="1011"></td>
        <td>1010</td>
        <td>3rd</td>
        <td>0</td>
        <td>McMahon, Mr. Martin</td>
        <td>male</td>
        <td>NA</td>
        <td>0</td>
        <td>0</td>
        <td>370372</td>
        <td>7.75</td>
        <td></td>
        <td>Queenstown</td>
        <td></td>
        <td>NA</td>
        <td></td>
      </tr>
      <tr id="LC1012" class="js-file-line">
        <td id="L1012" class="blob-num js-line-number" data-line-number="1012"></td>
        <td>1011</td>
        <td>3rd</td>
        <td>0</td>
        <td>McNamee, Mr. Neal</td>
        <td>male</td>
        <td>24</td>
        <td>1</td>
        <td>0</td>
        <td>376566</td>
        <td>16.1000004</td>
        <td></td>
        <td>Southampton</td>
        <td></td>
        <td>NA</td>
        <td></td>
      </tr>
      <tr id="LC1013" class="js-file-line">
        <td id="L1013" class="blob-num js-line-number" data-line-number="1013"></td>
        <td>1012</td>
        <td>3rd</td>
        <td>0</td>
        <td>McNamee, Mrs. Neal (Eileen O&#39;Le</td>
        <td>female</td>
        <td>19</td>
        <td>1</td>
        <td>0</td>
        <td>376566</td>
        <td>16.1000004</td>
        <td></td>
        <td>Southampton</td>
        <td></td>
        <td>53</td>
        <td></td>
      </tr>
      <tr id="LC1014" class="js-file-line">
        <td id="L1014" class="blob-num js-line-number" data-line-number="1014"></td>
        <td>1013</td>
        <td>3rd</td>
        <td>0</td>
        <td>McNeill, Miss. Bridget</td>
        <td>female</td>
        <td>NA</td>
        <td>0</td>
        <td>0</td>
        <td>370368</td>
        <td>7.75</td>
        <td></td>
        <td>Queenstown</td>
        <td></td>
        <td>NA</td>
        <td></td>
      </tr>
      <tr id="LC1015" class="js-file-line">
        <td id="L1015" class="blob-num js-line-number" data-line-number="1015"></td>
        <td>1014</td>
        <td>3rd</td>
        <td>0</td>
        <td>Meanwell, Miss. (Marion Ogden)</td>
        <td>female</td>
        <td>NA</td>
        <td>0</td>
        <td>0</td>
        <td>SOTON/O.Q. 392087</td>
        <td>8.05000019</td>
        <td></td>
        <td>Southampton</td>
        <td></td>
        <td>NA</td>
        <td></td>
      </tr>
      <tr id="LC1016" class="js-file-line">
        <td id="L1016" class="blob-num js-line-number" data-line-number="1016"></td>
        <td>1015</td>
        <td>3rd</td>
        <td>0</td>
        <td>Meek, Mrs. Thomas (Annie Louise</td>
        <td>female</td>
        <td>NA</td>
        <td>0</td>
        <td>0</td>
        <td>343095</td>
        <td>8.05000019</td>
        <td></td>
        <td>Southampton</td>
        <td></td>
        <td>NA</td>
        <td></td>
      </tr>
      <tr id="LC1017" class="js-file-line">
        <td id="L1017" class="blob-num js-line-number" data-line-number="1017"></td>
        <td>1016</td>
        <td>3rd</td>
        <td>0</td>
        <td>Meo, Mr. Alfonzo</td>
        <td>male</td>
        <td>55.5</td>
        <td>0</td>
        <td>0</td>
        <td>A.5. 11206</td>
        <td>8.05000019</td>
        <td></td>
        <td>Southampton</td>
        <td></td>
        <td>201</td>
        <td></td>
      </tr>
      <tr id="LC1018" class="js-file-line">
        <td id="L1018" class="blob-num js-line-number" data-line-number="1018"></td>
        <td>1017</td>
        <td>3rd</td>
        <td>0</td>
        <td>Mernagh, Mr. Robert</td>
        <td>male</td>
        <td>NA</td>
        <td>0</td>
        <td>0</td>
        <td>368703</td>
        <td>7.75</td>
        <td></td>
        <td>Queenstown</td>
        <td></td>
        <td>NA</td>
        <td></td>
      </tr>
      <tr id="LC1019" class="js-file-line">
        <td id="L1019" class="blob-num js-line-number" data-line-number="1019"></td>
        <td>1018</td>
        <td>3rd</td>
        <td>1</td>
        <td>Midtsjo, Mr. Karl Albert</td>
        <td>male</td>
        <td>21</td>
        <td>0</td>
        <td>0</td>
        <td>345501</td>
        <td>7.7750001</td>
        <td></td>
        <td>Southampton</td>
        <td>15</td>
        <td>NA</td>
        <td></td>
      </tr>
      <tr id="LC1020" class="js-file-line">
        <td id="L1020" class="blob-num js-line-number" data-line-number="1020"></td>
        <td>1019</td>
        <td>3rd</td>
        <td>0</td>
        <td>Miles, Mr. Frank</td>
        <td>male</td>
        <td>NA</td>
        <td>0</td>
        <td>0</td>
        <td>359306</td>
        <td>8.05000019</td>
        <td></td>
        <td>Southampton</td>
        <td></td>
        <td>NA</td>
        <td></td>
      </tr>
      <tr id="LC1021" class="js-file-line">
        <td id="L1021" class="blob-num js-line-number" data-line-number="1021"></td>
        <td>1020</td>
        <td>3rd</td>
        <td>0</td>
        <td>Mineff, Mr. Ivan</td>
        <td>male</td>
        <td>24</td>
        <td>0</td>
        <td>0</td>
        <td>349233</td>
        <td>7.89580011</td>
        <td></td>
        <td>Southampton</td>
        <td></td>
        <td>NA</td>
        <td></td>
      </tr>
      <tr id="LC1022" class="js-file-line">
        <td id="L1022" class="blob-num js-line-number" data-line-number="1022"></td>
        <td>1021</td>
        <td>3rd</td>
        <td>0</td>
        <td>Minkoff, Mr. Lazar</td>
        <td>male</td>
        <td>21</td>
        <td>0</td>
        <td>0</td>
        <td>349211</td>
        <td>7.89580011</td>
        <td></td>
        <td>Southampton</td>
        <td></td>
        <td>NA</td>
        <td></td>
      </tr>
      <tr id="LC1023" class="js-file-line">
        <td id="L1023" class="blob-num js-line-number" data-line-number="1023"></td>
        <td>1022</td>
        <td>3rd</td>
        <td>0</td>
        <td>Mionoff, Mr. Stoytcho</td>
        <td>male</td>
        <td>28</td>
        <td>0</td>
        <td>0</td>
        <td>349207</td>
        <td>7.89580011</td>
        <td></td>
        <td>Southampton</td>
        <td></td>
        <td>NA</td>
        <td></td>
      </tr>
      <tr id="LC1024" class="js-file-line">
        <td id="L1024" class="blob-num js-line-number" data-line-number="1024"></td>
        <td>1023</td>
        <td>3rd</td>
        <td>0</td>
        <td>Mitkoff, Mr. Mito</td>
        <td>male</td>
        <td>NA</td>
        <td>0</td>
        <td>0</td>
        <td>349221</td>
        <td>7.89580011</td>
        <td></td>
        <td>Southampton</td>
        <td></td>
        <td>NA</td>
        <td></td>
      </tr>
      <tr id="LC1025" class="js-file-line">
        <td id="L1025" class="blob-num js-line-number" data-line-number="1025"></td>
        <td>1024</td>
        <td>3rd</td>
        <td>1</td>
        <td>Mockler, Miss. Helen Mary \&quot;Elli</td>
        <td>female</td>
        <td>NA</td>
        <td>0</td>
        <td>0</td>
        <td>330980</td>
        <td>7.87919998</td>
        <td></td>
        <td>Queenstown</td>
        <td>16</td>
        <td>NA</td>
        <td></td>
      </tr>
      <tr id="LC1026" class="js-file-line">
        <td id="L1026" class="blob-num js-line-number" data-line-number="1026"></td>
        <td>1025</td>
        <td>3rd</td>
        <td>0</td>
        <td>Moen, Mr. Sigurd Hansen</td>
        <td>male</td>
        <td>25</td>
        <td>0</td>
        <td>0</td>
        <td>348123</td>
        <td>7.6500001</td>
        <td>F G73</td>
        <td>Southampton</td>
        <td></td>
        <td>309</td>
        <td></td>
      </tr>
      <tr id="LC1027" class="js-file-line">
        <td id="L1027" class="blob-num js-line-number" data-line-number="1027"></td>
        <td>1026</td>
        <td>3rd</td>
        <td>1</td>
        <td>Moor, Master. Meier</td>
        <td>male</td>
        <td>6</td>
        <td>0</td>
        <td>1</td>
        <td>392096</td>
        <td>12.4750004</td>
        <td>E121</td>
        <td>Southampton</td>
        <td>14</td>
        <td>NA</td>
        <td></td>
      </tr>
      <tr id="LC1028" class="js-file-line">
        <td id="L1028" class="blob-num js-line-number" data-line-number="1028"></td>
        <td>1027</td>
        <td>3rd</td>
        <td>1</td>
        <td>Moor, Mrs. (Beila)</td>
        <td>female</td>
        <td>27</td>
        <td>0</td>
        <td>1</td>
        <td>392096</td>
        <td>12.4750004</td>
        <td>E121</td>
        <td>Southampton</td>
        <td>14</td>
        <td>NA</td>
        <td></td>
      </tr>
      <tr id="LC1029" class="js-file-line">
        <td id="L1029" class="blob-num js-line-number" data-line-number="1029"></td>
        <td>1028</td>
        <td>3rd</td>
        <td>0</td>
        <td>Moore, Mr. Leonard Charles</td>
        <td>male</td>
        <td>NA</td>
        <td>0</td>
        <td>0</td>
        <td>A4. 54510</td>
        <td>8.05000019</td>
        <td></td>
        <td>Southampton</td>
        <td></td>
        <td>NA</td>
        <td></td>
      </tr>
      <tr id="LC1030" class="js-file-line">
        <td id="L1030" class="blob-num js-line-number" data-line-number="1030"></td>
        <td>1029</td>
        <td>3rd</td>
        <td>1</td>
        <td>Moran, Miss. Bertha</td>
        <td>female</td>
        <td>NA</td>
        <td>1</td>
        <td>0</td>
        <td>371110</td>
        <td>24.1499996</td>
        <td></td>
        <td>Queenstown</td>
        <td>16</td>
        <td>NA</td>
        <td></td>
      </tr>
      <tr id="LC1031" class="js-file-line">
        <td id="L1031" class="blob-num js-line-number" data-line-number="1031"></td>
        <td>1030</td>
        <td>3rd</td>
        <td>0</td>
        <td>Moran, Mr. Daniel J</td>
        <td>male</td>
        <td>NA</td>
        <td>1</td>
        <td>0</td>
        <td>371110</td>
        <td>24.1499996</td>
        <td></td>
        <td>Queenstown</td>
        <td></td>
        <td>NA</td>
        <td></td>
      </tr>
      <tr id="LC1032" class="js-file-line">
        <td id="L1032" class="blob-num js-line-number" data-line-number="1032"></td>
        <td>1031</td>
        <td>3rd</td>
        <td>0</td>
        <td>Moran, Mr. James</td>
        <td>male</td>
        <td>NA</td>
        <td>0</td>
        <td>0</td>
        <td>330877</td>
        <td>8.45829964</td>
        <td></td>
        <td>Queenstown</td>
        <td></td>
        <td>NA</td>
        <td></td>
      </tr>
      <tr id="LC1033" class="js-file-line">
        <td id="L1033" class="blob-num js-line-number" data-line-number="1033"></td>
        <td>1032</td>
        <td>3rd</td>
        <td>0</td>
        <td>Morley, Mr. William</td>
        <td>male</td>
        <td>34</td>
        <td>0</td>
        <td>0</td>
        <td>364506</td>
        <td>8.05000019</td>
        <td></td>
        <td>Southampton</td>
        <td></td>
        <td>NA</td>
        <td></td>
      </tr>
      <tr id="LC1034" class="js-file-line">
        <td id="L1034" class="blob-num js-line-number" data-line-number="1034"></td>
        <td>1033</td>
        <td>3rd</td>
        <td>0</td>
        <td>Morrow, Mr. Thomas Rowan</td>
        <td>male</td>
        <td>NA</td>
        <td>0</td>
        <td>0</td>
        <td>372622</td>
        <td>7.75</td>
        <td></td>
        <td>Queenstown</td>
        <td></td>
        <td>NA</td>
        <td></td>
      </tr>
      <tr id="LC1035" class="js-file-line">
        <td id="L1035" class="blob-num js-line-number" data-line-number="1035"></td>
        <td>1034</td>
        <td>3rd</td>
        <td>1</td>
        <td>Moss, Mr. Albert Johan</td>
        <td>male</td>
        <td>NA</td>
        <td>0</td>
        <td>0</td>
        <td>312991</td>
        <td>7.7750001</td>
        <td></td>
        <td>Southampton</td>
        <td>B</td>
        <td>NA</td>
        <td></td>
      </tr>
      <tr id="LC1036" class="js-file-line">
        <td id="L1036" class="blob-num js-line-number" data-line-number="1036"></td>
        <td>1035</td>
        <td>3rd</td>
        <td>1</td>
        <td>Moubarek, Master. Gerios</td>
        <td>male</td>
        <td>NA</td>
        <td>1</td>
        <td>1</td>
        <td>2661</td>
        <td>15.2458</td>
        <td></td>
        <td>Cherbourg</td>
        <td>C</td>
        <td>NA</td>
        <td></td>
      </tr>
      <tr id="LC1037" class="js-file-line">
        <td id="L1037" class="blob-num js-line-number" data-line-number="1037"></td>
        <td>1036</td>
        <td>3rd</td>
        <td>1</td>
        <td>Moubarek, Master. Halim Gonios</td>
        <td>male</td>
        <td>NA</td>
        <td>1</td>
        <td>1</td>
        <td>2661</td>
        <td>15.2458</td>
        <td></td>
        <td>Cherbourg</td>
        <td>C</td>
        <td>NA</td>
        <td></td>
      </tr>
      <tr id="LC1038" class="js-file-line">
        <td id="L1038" class="blob-num js-line-number" data-line-number="1038"></td>
        <td>1037</td>
        <td>3rd</td>
        <td>1</td>
        <td>Moubarek, Mrs. George (Omine \&quot;A</td>
        <td>female</td>
        <td>NA</td>
        <td>0</td>
        <td>2</td>
        <td>2661</td>
        <td>15.2458</td>
        <td></td>
        <td>Cherbourg</td>
        <td>C</td>
        <td>NA</td>
        <td></td>
      </tr>
      <tr id="LC1039" class="js-file-line">
        <td id="L1039" class="blob-num js-line-number" data-line-number="1039"></td>
        <td>1038</td>
        <td>3rd</td>
        <td>1</td>
        <td>Moussa, Mrs. (Mantoura Boulos)</td>
        <td>female</td>
        <td>NA</td>
        <td>0</td>
        <td>0</td>
        <td>2626</td>
        <td>7.22919989</td>
        <td></td>
        <td>Cherbourg</td>
        <td></td>
        <td>NA</td>
        <td></td>
      </tr>
      <tr id="LC1040" class="js-file-line">
        <td id="L1040" class="blob-num js-line-number" data-line-number="1040"></td>
        <td>1039</td>
        <td>3rd</td>
        <td>0</td>
        <td>Moutal, Mr. Rahamin Haim</td>
        <td>male</td>
        <td>NA</td>
        <td>0</td>
        <td>0</td>
        <td>374746</td>
        <td>8.05000019</td>
        <td></td>
        <td>Southampton</td>
        <td></td>
        <td>NA</td>
        <td></td>
      </tr>
      <tr id="LC1041" class="js-file-line">
        <td id="L1041" class="blob-num js-line-number" data-line-number="1041"></td>
        <td>1040</td>
        <td>3rd</td>
        <td>1</td>
        <td>Mullens, Miss. Katherine \&quot;Katie</td>
        <td>female</td>
        <td>NA</td>
        <td>0</td>
        <td>0</td>
        <td>35852</td>
        <td>7.73330021</td>
        <td></td>
        <td>Queenstown</td>
        <td>16</td>
        <td>NA</td>
        <td></td>
      </tr>
      <tr id="LC1042" class="js-file-line">
        <td id="L1042" class="blob-num js-line-number" data-line-number="1042"></td>
        <td>1041</td>
        <td>3rd</td>
        <td>1</td>
        <td>Mulvihill, Miss. Bertha E</td>
        <td>female</td>
        <td>24</td>
        <td>0</td>
        <td>0</td>
        <td>382653</td>
        <td>7.75</td>
        <td></td>
        <td>Queenstown</td>
        <td>15</td>
        <td>NA</td>
        <td></td>
      </tr>
      <tr id="LC1043" class="js-file-line">
        <td id="L1043" class="blob-num js-line-number" data-line-number="1043"></td>
        <td>1042</td>
        <td>3rd</td>
        <td>0</td>
        <td>Murdlin, Mr. Joseph</td>
        <td>male</td>
        <td>NA</td>
        <td>0</td>
        <td>0</td>
        <td>A./5. 3235</td>
        <td>8.05000019</td>
        <td></td>
        <td>Southampton</td>
        <td></td>
        <td>NA</td>
        <td></td>
      </tr>
      <tr id="LC1044" class="js-file-line">
        <td id="L1044" class="blob-num js-line-number" data-line-number="1044"></td>
        <td>1043</td>
        <td>3rd</td>
        <td>1</td>
        <td>Murphy, Miss. Katherine \&quot;Kate\&quot;</td>
        <td>female</td>
        <td>NA</td>
        <td>1</td>
        <td>0</td>
        <td>367230</td>
        <td>15.5</td>
        <td></td>
        <td>Queenstown</td>
        <td>16</td>
        <td>NA</td>
        <td></td>
      </tr>
      <tr id="LC1045" class="js-file-line">
        <td id="L1045" class="blob-num js-line-number" data-line-number="1045"></td>
        <td>1044</td>
        <td>3rd</td>
        <td>1</td>
        <td>Murphy, Miss. Margaret Jane</td>
        <td>female</td>
        <td>NA</td>
        <td>1</td>
        <td>0</td>
        <td>367230</td>
        <td>15.5</td>
        <td></td>
        <td>Queenstown</td>
        <td>16</td>
        <td>NA</td>
        <td></td>
      </tr>
      <tr id="LC1046" class="js-file-line">
        <td id="L1046" class="blob-num js-line-number" data-line-number="1046"></td>
        <td>1045</td>
        <td>3rd</td>
        <td>1</td>
        <td>Murphy, Miss. Nora</td>
        <td>female</td>
        <td>NA</td>
        <td>0</td>
        <td>0</td>
        <td>36568</td>
        <td>15.5</td>
        <td></td>
        <td>Queenstown</td>
        <td>16</td>
        <td>NA</td>
        <td></td>
      </tr>
      <tr id="LC1047" class="js-file-line">
        <td id="L1047" class="blob-num js-line-number" data-line-number="1047"></td>
        <td>1046</td>
        <td>3rd</td>
        <td>0</td>
        <td>Myhrman, Mr. Pehr Fabian Oliver</td>
        <td>male</td>
        <td>18</td>
        <td>0</td>
        <td>0</td>
        <td>347078</td>
        <td>7.75</td>
        <td></td>
        <td>Southampton</td>
        <td></td>
        <td>NA</td>
        <td></td>
      </tr>
      <tr id="LC1048" class="js-file-line">
        <td id="L1048" class="blob-num js-line-number" data-line-number="1048"></td>
        <td>1047</td>
        <td>3rd</td>
        <td>0</td>
        <td>Naidenoff, Mr. Penko</td>
        <td>male</td>
        <td>22</td>
        <td>0</td>
        <td>0</td>
        <td>349206</td>
        <td>7.89580011</td>
        <td></td>
        <td>Southampton</td>
        <td></td>
        <td>NA</td>
        <td></td>
      </tr>
      <tr id="LC1049" class="js-file-line">
        <td id="L1049" class="blob-num js-line-number" data-line-number="1049"></td>
        <td>1048</td>
        <td>3rd</td>
        <td>1</td>
        <td>Najib, Miss. Adele Kiamie \&quot;Jane</td>
        <td>female</td>
        <td>15</td>
        <td>0</td>
        <td>0</td>
        <td>2667</td>
        <td>7.2249999</td>
        <td></td>
        <td>Cherbourg</td>
        <td>C</td>
        <td>NA</td>
        <td></td>
      </tr>
      <tr id="LC1050" class="js-file-line">
        <td id="L1050" class="blob-num js-line-number" data-line-number="1050"></td>
        <td>1049</td>
        <td>3rd</td>
        <td>1</td>
        <td>Nakid, Miss. Maria (\&quot;Mary\&quot;)</td>
        <td>female</td>
        <td>1</td>
        <td>0</td>
        <td>2</td>
        <td>2653</td>
        <td>15.7417002</td>
        <td></td>
        <td>Cherbourg</td>
        <td>C</td>
        <td>NA</td>
        <td></td>
      </tr>
      <tr id="LC1051" class="js-file-line">
        <td id="L1051" class="blob-num js-line-number" data-line-number="1051"></td>
        <td>1050</td>
        <td>3rd</td>
        <td>1</td>
        <td>Nakid, Mr. Sahid</td>
        <td>male</td>
        <td>20</td>
        <td>1</td>
        <td>1</td>
        <td>2653</td>
        <td>15.7417002</td>
        <td></td>
        <td>Cherbourg</td>
        <td>C</td>
        <td>NA</td>
        <td></td>
      </tr>
      <tr id="LC1052" class="js-file-line">
        <td id="L1052" class="blob-num js-line-number" data-line-number="1052"></td>
        <td>1051</td>
        <td>3rd</td>
        <td>1</td>
        <td>Nakid, Mrs. Said (Waika \&quot;Mary\&quot;</td>
        <td>female</td>
        <td>19</td>
        <td>1</td>
        <td>1</td>
        <td>2653</td>
        <td>15.7417002</td>
        <td></td>
        <td>Cherbourg</td>
        <td>C</td>
        <td>NA</td>
        <td></td>
      </tr>
      <tr id="LC1053" class="js-file-line">
        <td id="L1053" class="blob-num js-line-number" data-line-number="1053"></td>
        <td>1052</td>
        <td>3rd</td>
        <td>0</td>
        <td>Nancarrow, Mr. William Henry</td>
        <td>male</td>
        <td>33</td>
        <td>0</td>
        <td>0</td>
        <td>A./5. 3338</td>
        <td>8.05000019</td>
        <td></td>
        <td>Southampton</td>
        <td></td>
        <td>NA</td>
        <td></td>
      </tr>
      <tr id="LC1054" class="js-file-line">
        <td id="L1054" class="blob-num js-line-number" data-line-number="1054"></td>
        <td>1053</td>
        <td>3rd</td>
        <td>0</td>
        <td>Nankoff, Mr. Minko</td>
        <td>male</td>
        <td>NA</td>
        <td>0</td>
        <td>0</td>
        <td>349218</td>
        <td>7.89580011</td>
        <td></td>
        <td>Southampton</td>
        <td></td>
        <td>NA</td>
        <td></td>
      </tr>
      <tr id="LC1055" class="js-file-line">
        <td id="L1055" class="blob-num js-line-number" data-line-number="1055"></td>
        <td>1054</td>
        <td>3rd</td>
        <td>0</td>
        <td>Nasr, Mr. Mustafa</td>
        <td>male</td>
        <td>NA</td>
        <td>0</td>
        <td>0</td>
        <td>2652</td>
        <td>7.22919989</td>
        <td></td>
        <td>Cherbourg</td>
        <td></td>
        <td>NA</td>
        <td></td>
      </tr>
      <tr id="LC1056" class="js-file-line">
        <td id="L1056" class="blob-num js-line-number" data-line-number="1056"></td>
        <td>1055</td>
        <td>3rd</td>
        <td>0</td>
        <td>Naughton, Miss. Hannah</td>
        <td>female</td>
        <td>NA</td>
        <td>0</td>
        <td>0</td>
        <td>365237</td>
        <td>7.75</td>
        <td></td>
        <td>Queenstown</td>
        <td></td>
        <td>NA</td>
        <td></td>
      </tr>
      <tr id="LC1057" class="js-file-line">
        <td id="L1057" class="blob-num js-line-number" data-line-number="1057"></td>
        <td>1056</td>
        <td>3rd</td>
        <td>0</td>
        <td>Nenkoff, Mr. Christo</td>
        <td>male</td>
        <td>NA</td>
        <td>0</td>
        <td>0</td>
        <td>349234</td>
        <td>7.89580011</td>
        <td></td>
        <td>Southampton</td>
        <td></td>
        <td>NA</td>
        <td></td>
      </tr>
      <tr id="LC1058" class="js-file-line">
        <td id="L1058" class="blob-num js-line-number" data-line-number="1058"></td>
        <td>1057</td>
        <td>3rd</td>
        <td>1</td>
        <td>Nicola-Yarred, Master. Elias</td>
        <td>male</td>
        <td>12</td>
        <td>1</td>
        <td>0</td>
        <td>2651</td>
        <td>11.2417002</td>
        <td></td>
        <td>Cherbourg</td>
        <td>C</td>
        <td>NA</td>
        <td></td>
      </tr>
      <tr id="LC1059" class="js-file-line">
        <td id="L1059" class="blob-num js-line-number" data-line-number="1059"></td>
        <td>1058</td>
        <td>3rd</td>
        <td>1</td>
        <td>Nicola-Yarred, Miss. Jamila</td>
        <td>female</td>
        <td>14</td>
        <td>1</td>
        <td>0</td>
        <td>2651</td>
        <td>11.2417002</td>
        <td></td>
        <td>Cherbourg</td>
        <td>C</td>
        <td>NA</td>
        <td></td>
      </tr>
      <tr id="LC1060" class="js-file-line">
        <td id="L1060" class="blob-num js-line-number" data-line-number="1060"></td>
        <td>1059</td>
        <td>3rd</td>
        <td>0</td>
        <td>Nieminen, Miss. Manta Josefina</td>
        <td>female</td>
        <td>29</td>
        <td>0</td>
        <td>0</td>
        <td>3101297</td>
        <td>7.92500019</td>
        <td></td>
        <td>Southampton</td>
        <td></td>
        <td>NA</td>
        <td></td>
      </tr>
      <tr id="LC1061" class="js-file-line">
        <td id="L1061" class="blob-num js-line-number" data-line-number="1061"></td>
        <td>1060</td>
        <td>3rd</td>
        <td>0</td>
        <td>Niklasson, Mr. Samuel</td>
        <td>male</td>
        <td>28</td>
        <td>0</td>
        <td>0</td>
        <td>363611</td>
        <td>8.05000019</td>
        <td></td>
        <td>Southampton</td>
        <td></td>
        <td>NA</td>
        <td></td>
      </tr>
      <tr id="LC1062" class="js-file-line">
        <td id="L1062" class="blob-num js-line-number" data-line-number="1062"></td>
        <td>1061</td>
        <td>3rd</td>
        <td>1</td>
        <td>Nilsson, Miss. Berta Olivia</td>
        <td>female</td>
        <td>18</td>
        <td>0</td>
        <td>0</td>
        <td>347066</td>
        <td>7.7750001</td>
        <td></td>
        <td>Southampton</td>
        <td>D</td>
        <td>NA</td>
        <td></td>
      </tr>
      <tr id="LC1063" class="js-file-line">
        <td id="L1063" class="blob-num js-line-number" data-line-number="1063"></td>
        <td>1062</td>
        <td>3rd</td>
        <td>1</td>
        <td>Nilsson, Miss. Helmina Josefina</td>
        <td>female</td>
        <td>26</td>
        <td>0</td>
        <td>0</td>
        <td>347470</td>
        <td>7.85419989</td>
        <td></td>
        <td>Southampton</td>
        <td>13</td>
        <td>NA</td>
        <td></td>
      </tr>
      <tr id="LC1064" class="js-file-line">
        <td id="L1064" class="blob-num js-line-number" data-line-number="1064"></td>
        <td>1063</td>
        <td>3rd</td>
        <td>0</td>
        <td>Nilsson, Mr. August Ferdinand</td>
        <td>male</td>
        <td>21</td>
        <td>0</td>
        <td>0</td>
        <td>350410</td>
        <td>7.85419989</td>
        <td></td>
        <td>Southampton</td>
        <td></td>
        <td>NA</td>
        <td></td>
      </tr>
      <tr id="LC1065" class="js-file-line">
        <td id="L1065" class="blob-num js-line-number" data-line-number="1065"></td>
        <td>1064</td>
        <td>3rd</td>
        <td>0</td>
        <td>Nirva, Mr. Iisakki Antino Aijo</td>
        <td>male</td>
        <td>41</td>
        <td>0</td>
        <td>0</td>
        <td>SOTON/O2 3101272</td>
        <td>7.125</td>
        <td></td>
        <td>Southampton</td>
        <td></td>
        <td>NA</td>
        <td>Finland Sudbury, ON</td>
      </tr>
      <tr id="LC1066" class="js-file-line">
        <td id="L1066" class="blob-num js-line-number" data-line-number="1066"></td>
        <td>1065</td>
        <td>3rd</td>
        <td>1</td>
        <td>Niskanen, Mr. Juha</td>
        <td>male</td>
        <td>39</td>
        <td>0</td>
        <td>0</td>
        <td>STON/O 2. 3101289</td>
        <td>7.92500019</td>
        <td></td>
        <td>Southampton</td>
        <td>9</td>
        <td>NA</td>
        <td></td>
      </tr>
      <tr id="LC1067" class="js-file-line">
        <td id="L1067" class="blob-num js-line-number" data-line-number="1067"></td>
        <td>1066</td>
        <td>3rd</td>
        <td>0</td>
        <td>Nosworthy, Mr. Richard Cater</td>
        <td>male</td>
        <td>21</td>
        <td>0</td>
        <td>0</td>
        <td>A/4. 39886</td>
        <td>7.80000019</td>
        <td></td>
        <td>Southampton</td>
        <td></td>
        <td>NA</td>
        <td></td>
      </tr>
      <tr id="LC1068" class="js-file-line">
        <td id="L1068" class="blob-num js-line-number" data-line-number="1068"></td>
        <td>1067</td>
        <td>3rd</td>
        <td>0</td>
        <td>Novel, Mr. Mansouer</td>
        <td>male</td>
        <td>28.5</td>
        <td>0</td>
        <td>0</td>
        <td>2697</td>
        <td>7.22919989</td>
        <td></td>
        <td>Cherbourg</td>
        <td></td>
        <td>181</td>
        <td></td>
      </tr>
      <tr id="LC1069" class="js-file-line">
        <td id="L1069" class="blob-num js-line-number" data-line-number="1069"></td>
        <td>1068</td>
        <td>3rd</td>
        <td>1</td>
        <td>Nysten, Miss. Anna Sofia</td>
        <td>female</td>
        <td>22</td>
        <td>0</td>
        <td>0</td>
        <td>347081</td>
        <td>7.75</td>
        <td></td>
        <td>Southampton</td>
        <td>13</td>
        <td>NA</td>
        <td></td>
      </tr>
      <tr id="LC1070" class="js-file-line">
        <td id="L1070" class="blob-num js-line-number" data-line-number="1070"></td>
        <td>1069</td>
        <td>3rd</td>
        <td>0</td>
        <td>Nysveen, Mr. Johan Hansen</td>
        <td>male</td>
        <td>61</td>
        <td>0</td>
        <td>0</td>
        <td>345364</td>
        <td>6.23750019</td>
        <td></td>
        <td>Southampton</td>
        <td></td>
        <td>NA</td>
        <td></td>
      </tr>
      <tr id="LC1071" class="js-file-line">
        <td id="L1071" class="blob-num js-line-number" data-line-number="1071"></td>
        <td>1070</td>
        <td>3rd</td>
        <td>0</td>
        <td>O&#39;Brien, Mr. Thomas</td>
        <td>male</td>
        <td>NA</td>
        <td>1</td>
        <td>0</td>
        <td>370365</td>
        <td>15.5</td>
        <td></td>
        <td>Queenstown</td>
        <td></td>
        <td>NA</td>
        <td></td>
      </tr>
      <tr id="LC1072" class="js-file-line">
        <td id="L1072" class="blob-num js-line-number" data-line-number="1072"></td>
        <td>1071</td>
        <td>3rd</td>
        <td>0</td>
        <td>O&#39;Brien, Mr. Timothy</td>
        <td>male</td>
        <td>NA</td>
        <td>0</td>
        <td>0</td>
        <td>330979</td>
        <td>7.82919979</td>
        <td></td>
        <td>Queenstown</td>
        <td></td>
        <td>NA</td>
        <td></td>
      </tr>
      <tr id="LC1073" class="js-file-line">
        <td id="L1073" class="blob-num js-line-number" data-line-number="1073"></td>
        <td>1072</td>
        <td>3rd</td>
        <td>1</td>
        <td>O&#39;Brien, Mrs. Thomas (Johanna \&quot;</td>
        <td>female</td>
        <td>NA</td>
        <td>1</td>
        <td>0</td>
        <td>370365</td>
        <td>15.5</td>
        <td></td>
        <td>Queenstown</td>
        <td></td>
        <td>NA</td>
        <td></td>
      </tr>
      <tr id="LC1074" class="js-file-line">
        <td id="L1074" class="blob-num js-line-number" data-line-number="1074"></td>
        <td>1073</td>
        <td>3rd</td>
        <td>0</td>
        <td>O&#39;Connell, Mr. Patrick D</td>
        <td>male</td>
        <td>NA</td>
        <td>0</td>
        <td>0</td>
        <td>334912</td>
        <td>7.73330021</td>
        <td></td>
        <td>Queenstown</td>
        <td></td>
        <td>NA</td>
        <td></td>
      </tr>
      <tr id="LC1075" class="js-file-line">
        <td id="L1075" class="blob-num js-line-number" data-line-number="1075"></td>
        <td>1074</td>
        <td>3rd</td>
        <td>0</td>
        <td>O&#39;Connor, Mr. Maurice</td>
        <td>male</td>
        <td>NA</td>
        <td>0</td>
        <td>0</td>
        <td>371060</td>
        <td>7.75</td>
        <td></td>
        <td>Queenstown</td>
        <td></td>
        <td>NA</td>
        <td></td>
      </tr>
      <tr id="LC1076" class="js-file-line">
        <td id="L1076" class="blob-num js-line-number" data-line-number="1076"></td>
        <td>1075</td>
        <td>3rd</td>
        <td>0</td>
        <td>O&#39;Connor, Mr. Patrick</td>
        <td>male</td>
        <td>NA</td>
        <td>0</td>
        <td>0</td>
        <td>366713</td>
        <td>7.75</td>
        <td></td>
        <td>Queenstown</td>
        <td></td>
        <td>NA</td>
        <td></td>
      </tr>
      <tr id="LC1077" class="js-file-line">
        <td id="L1077" class="blob-num js-line-number" data-line-number="1077"></td>
        <td>1076</td>
        <td>3rd</td>
        <td>0</td>
        <td>Odahl, Mr. Nils Martin</td>
        <td>male</td>
        <td>23</td>
        <td>0</td>
        <td>0</td>
        <td>7267</td>
        <td>9.22500038</td>
        <td></td>
        <td>Southampton</td>
        <td></td>
        <td>NA</td>
        <td></td>
      </tr>
      <tr id="LC1078" class="js-file-line">
        <td id="L1078" class="blob-num js-line-number" data-line-number="1078"></td>
        <td>1077</td>
        <td>3rd</td>
        <td>0</td>
        <td>O&#39;Donoghue, Ms. Bridget</td>
        <td>female</td>
        <td>NA</td>
        <td>0</td>
        <td>0</td>
        <td>364856</td>
        <td>7.75</td>
        <td></td>
        <td>Queenstown</td>
        <td></td>
        <td>NA</td>
        <td></td>
      </tr>
      <tr id="LC1079" class="js-file-line">
        <td id="L1079" class="blob-num js-line-number" data-line-number="1079"></td>
        <td>1078</td>
        <td>3rd</td>
        <td>1</td>
        <td>O&#39;Driscoll, Miss. Bridget</td>
        <td>female</td>
        <td>NA</td>
        <td>0</td>
        <td>0</td>
        <td>14311</td>
        <td>7.75</td>
        <td></td>
        <td>Queenstown</td>
        <td>D</td>
        <td>NA</td>
        <td></td>
      </tr>
      <tr id="LC1080" class="js-file-line">
        <td id="L1080" class="blob-num js-line-number" data-line-number="1080"></td>
        <td>1079</td>
        <td>3rd</td>
        <td>1</td>
        <td>O&#39;Dwyer, Miss. Ellen \&quot;Nellie\&quot;</td>
        <td>female</td>
        <td>NA</td>
        <td>0</td>
        <td>0</td>
        <td>330959</td>
        <td>7.87919998</td>
        <td></td>
        <td>Queenstown</td>
        <td></td>
        <td>NA</td>
        <td></td>
      </tr>
      <tr id="LC1081" class="js-file-line">
        <td id="L1081" class="blob-num js-line-number" data-line-number="1081"></td>
        <td>1080</td>
        <td>3rd</td>
        <td>1</td>
        <td>Ohman, Miss. Velin</td>
        <td>female</td>
        <td>22</td>
        <td>0</td>
        <td>0</td>
        <td>347085</td>
        <td>7.7750001</td>
        <td></td>
        <td>Southampton</td>
        <td>C</td>
        <td>NA</td>
        <td></td>
      </tr>
      <tr id="LC1082" class="js-file-line">
        <td id="L1082" class="blob-num js-line-number" data-line-number="1082"></td>
        <td>1081</td>
        <td>3rd</td>
        <td>1</td>
        <td>O&#39;Keefe, Mr. Patrick</td>
        <td>male</td>
        <td>NA</td>
        <td>0</td>
        <td>0</td>
        <td>368402</td>
        <td>7.75</td>
        <td></td>
        <td>Queenstown</td>
        <td>B</td>
        <td>NA</td>
        <td></td>
      </tr>
      <tr id="LC1083" class="js-file-line">
        <td id="L1083" class="blob-num js-line-number" data-line-number="1083"></td>
        <td>1082</td>
        <td>3rd</td>
        <td>1</td>
        <td>O&#39;Leary, Miss. Hanora \&quot;Norah\&quot;</td>
        <td>female</td>
        <td>NA</td>
        <td>0</td>
        <td>0</td>
        <td>330919</td>
        <td>7.82919979</td>
        <td></td>
        <td>Queenstown</td>
        <td>13</td>
        <td>NA</td>
        <td></td>
      </tr>
      <tr id="LC1084" class="js-file-line">
        <td id="L1084" class="blob-num js-line-number" data-line-number="1084"></td>
        <td>1083</td>
        <td>3rd</td>
        <td>1</td>
        <td>Olsen, Master. Artur Karl</td>
        <td>male</td>
        <td>9</td>
        <td>0</td>
        <td>1</td>
        <td>C 17368</td>
        <td>3.17079997</td>
        <td></td>
        <td>Southampton</td>
        <td>13</td>
        <td>NA</td>
        <td></td>
      </tr>
      <tr id="LC1085" class="js-file-line">
        <td id="L1085" class="blob-num js-line-number" data-line-number="1085"></td>
        <td>1084</td>
        <td>3rd</td>
        <td>0</td>
        <td>Olsen, Mr. Henry Margido</td>
        <td>male</td>
        <td>28</td>
        <td>0</td>
        <td>0</td>
        <td>C 4001</td>
        <td>22.5249996</td>
        <td></td>
        <td>Southampton</td>
        <td></td>
        <td>173</td>
        <td></td>
      </tr>
      <tr id="LC1086" class="js-file-line">
        <td id="L1086" class="blob-num js-line-number" data-line-number="1086"></td>
        <td>1085</td>
        <td>3rd</td>
        <td>0</td>
        <td>Olsen, Mr. Karl Siegwart Andrea</td>
        <td>male</td>
        <td>42</td>
        <td>0</td>
        <td>1</td>
        <td>4579</td>
        <td>8.4041996</td>
        <td></td>
        <td>Southampton</td>
        <td></td>
        <td>NA</td>
        <td></td>
      </tr>
      <tr id="LC1087" class="js-file-line">
        <td id="L1087" class="blob-num js-line-number" data-line-number="1087"></td>
        <td>1086</td>
        <td>3rd</td>
        <td>0</td>
        <td>Olsen, Mr. Ole Martin</td>
        <td>male</td>
        <td>NA</td>
        <td>0</td>
        <td>0</td>
        <td>Fa 265302</td>
        <td>7.3125</td>
        <td></td>
        <td>Southampton</td>
        <td></td>
        <td>NA</td>
        <td></td>
      </tr>
      <tr id="LC1088" class="js-file-line">
        <td id="L1088" class="blob-num js-line-number" data-line-number="1088"></td>
        <td>1087</td>
        <td>3rd</td>
        <td>0</td>
        <td>Olsson, Miss. Elina</td>
        <td>female</td>
        <td>31</td>
        <td>0</td>
        <td>0</td>
        <td>350407</td>
        <td>7.85419989</td>
        <td></td>
        <td>Southampton</td>
        <td></td>
        <td>NA</td>
        <td></td>
      </tr>
      <tr id="LC1089" class="js-file-line">
        <td id="L1089" class="blob-num js-line-number" data-line-number="1089"></td>
        <td>1088</td>
        <td>3rd</td>
        <td>0</td>
        <td>Olsson, Mr. Nils Johan Goransso</td>
        <td>male</td>
        <td>28</td>
        <td>0</td>
        <td>0</td>
        <td>347464</td>
        <td>7.85419989</td>
        <td></td>
        <td>Southampton</td>
        <td></td>
        <td>NA</td>
        <td></td>
      </tr>
      <tr id="LC1090" class="js-file-line">
        <td id="L1090" class="blob-num js-line-number" data-line-number="1090"></td>
        <td>1089</td>
        <td>3rd</td>
        <td>1</td>
        <td>Olsson, Mr. Oscar Wilhelm</td>
        <td>male</td>
        <td>32</td>
        <td>0</td>
        <td>0</td>
        <td>347079</td>
        <td>7.7750001</td>
        <td></td>
        <td>Southampton</td>
        <td>A</td>
        <td>NA</td>
        <td></td>
      </tr>
      <tr id="LC1091" class="js-file-line">
        <td id="L1091" class="blob-num js-line-number" data-line-number="1091"></td>
        <td>1090</td>
        <td>3rd</td>
        <td>0</td>
        <td>Olsvigen, Mr. Thor Anderson</td>
        <td>male</td>
        <td>20</td>
        <td>0</td>
        <td>0</td>
        <td>6563</td>
        <td>9.22500038</td>
        <td></td>
        <td>Southampton</td>
        <td></td>
        <td>89</td>
        <td>Oslo, Norway Cameron, WI</td>
      </tr>
      <tr id="LC1092" class="js-file-line">
        <td id="L1092" class="blob-num js-line-number" data-line-number="1092"></td>
        <td>1091</td>
        <td>3rd</td>
        <td>0</td>
        <td>Oreskovic, Miss. Jelka</td>
        <td>female</td>
        <td>23</td>
        <td>0</td>
        <td>0</td>
        <td>315085</td>
        <td>8.66250038</td>
        <td></td>
        <td>Southampton</td>
        <td></td>
        <td>NA</td>
        <td></td>
      </tr>
      <tr id="LC1093" class="js-file-line">
        <td id="L1093" class="blob-num js-line-number" data-line-number="1093"></td>
        <td>1092</td>
        <td>3rd</td>
        <td>0</td>
        <td>Oreskovic, Miss. Marija</td>
        <td>female</td>
        <td>20</td>
        <td>0</td>
        <td>0</td>
        <td>315096</td>
        <td>8.66250038</td>
        <td></td>
        <td>Southampton</td>
        <td></td>
        <td>NA</td>
        <td></td>
      </tr>
      <tr id="LC1094" class="js-file-line">
        <td id="L1094" class="blob-num js-line-number" data-line-number="1094"></td>
        <td>1093</td>
        <td>3rd</td>
        <td>0</td>
        <td>Oreskovic, Mr. Luka</td>
        <td>male</td>
        <td>20</td>
        <td>0</td>
        <td>0</td>
        <td>315094</td>
        <td>8.66250038</td>
        <td></td>
        <td>Southampton</td>
        <td></td>
        <td>NA</td>
        <td></td>
      </tr>
      <tr id="LC1095" class="js-file-line">
        <td id="L1095" class="blob-num js-line-number" data-line-number="1095"></td>
        <td>1094</td>
        <td>3rd</td>
        <td>0</td>
        <td>Osen, Mr. Olaf Elon</td>
        <td>male</td>
        <td>16</td>
        <td>0</td>
        <td>0</td>
        <td>7534</td>
        <td>9.2166996</td>
        <td></td>
        <td>Southampton</td>
        <td></td>
        <td>NA</td>
        <td></td>
      </tr>
      <tr id="LC1096" class="js-file-line">
        <td id="L1096" class="blob-num js-line-number" data-line-number="1096"></td>
        <td>1095</td>
        <td>3rd</td>
        <td>1</td>
        <td>Osman, Mrs. Mara</td>
        <td>female</td>
        <td>31</td>
        <td>0</td>
        <td>0</td>
        <td>349244</td>
        <td>8.68330002</td>
        <td></td>
        <td>Southampton</td>
        <td></td>
        <td>NA</td>
        <td></td>
      </tr>
      <tr id="LC1097" class="js-file-line">
        <td id="L1097" class="blob-num js-line-number" data-line-number="1097"></td>
        <td>1096</td>
        <td>3rd</td>
        <td>0</td>
        <td>O&#39;Sullivan, Miss. Bridget Mary</td>
        <td>female</td>
        <td>NA</td>
        <td>0</td>
        <td>0</td>
        <td>330909</td>
        <td>7.62919998</td>
        <td></td>
        <td>Queenstown</td>
        <td></td>
        <td>NA</td>
        <td></td>
      </tr>
      <tr id="LC1098" class="js-file-line">
        <td id="L1098" class="blob-num js-line-number" data-line-number="1098"></td>
        <td>1097</td>
        <td>3rd</td>
        <td>0</td>
        <td>Palsson, Master. Gosta Leonard</td>
        <td>male</td>
        <td>2</td>
        <td>3</td>
        <td>1</td>
        <td>349909</td>
        <td>21.0750008</td>
        <td></td>
        <td>Southampton</td>
        <td></td>
        <td>4</td>
        <td></td>
      </tr>
      <tr id="LC1099" class="js-file-line">
        <td id="L1099" class="blob-num js-line-number" data-line-number="1099"></td>
        <td>1098</td>
        <td>3rd</td>
        <td>0</td>
        <td>Palsson, Master. Paul Folke</td>
        <td>male</td>
        <td>6</td>
        <td>3</td>
        <td>1</td>
        <td>349909</td>
        <td>21.0750008</td>
        <td></td>
        <td>Southampton</td>
        <td></td>
        <td>NA</td>
        <td></td>
      </tr>
      <tr id="LC1100" class="js-file-line">
        <td id="L1100" class="blob-num js-line-number" data-line-number="1100"></td>
        <td>1099</td>
        <td>3rd</td>
        <td>0</td>
        <td>Palsson, Miss. Stina Viola</td>
        <td>female</td>
        <td>3</td>
        <td>3</td>
        <td>1</td>
        <td>349909</td>
        <td>21.0750008</td>
        <td></td>
        <td>Southampton</td>
        <td></td>
        <td>NA</td>
        <td></td>
      </tr>
      <tr id="LC1101" class="js-file-line">
        <td id="L1101" class="blob-num js-line-number" data-line-number="1101"></td>
        <td>1100</td>
        <td>3rd</td>
        <td>0</td>
        <td>Palsson, Miss. Torborg Danira</td>
        <td>female</td>
        <td>8</td>
        <td>3</td>
        <td>1</td>
        <td>349909</td>
        <td>21.0750008</td>
        <td></td>
        <td>Southampton</td>
        <td></td>
        <td>NA</td>
        <td></td>
      </tr>
      <tr id="LC1102" class="js-file-line">
        <td id="L1102" class="blob-num js-line-number" data-line-number="1102"></td>
        <td>1101</td>
        <td>3rd</td>
        <td>0</td>
        <td>Palsson, Mrs. Nils (Alma Cornel</td>
        <td>female</td>
        <td>29</td>
        <td>0</td>
        <td>4</td>
        <td>349909</td>
        <td>21.0750008</td>
        <td></td>
        <td>Southampton</td>
        <td></td>
        <td>206</td>
        <td></td>
      </tr>
      <tr id="LC1103" class="js-file-line">
        <td id="L1103" class="blob-num js-line-number" data-line-number="1103"></td>
        <td>1102</td>
        <td>3rd</td>
        <td>0</td>
        <td>Panula, Master. Eino Viljami</td>
        <td>male</td>
        <td>1</td>
        <td>4</td>
        <td>1</td>
        <td>3101295</td>
        <td>39.6875</td>
        <td></td>
        <td>Southampton</td>
        <td></td>
        <td>NA</td>
        <td></td>
      </tr>
      <tr id="LC1104" class="js-file-line">
        <td id="L1104" class="blob-num js-line-number" data-line-number="1104"></td>
        <td>1103</td>
        <td>3rd</td>
        <td>0</td>
        <td>Panula, Master. Juha Niilo</td>
        <td>male</td>
        <td>7</td>
        <td>4</td>
        <td>1</td>
        <td>3101295</td>
        <td>39.6875</td>
        <td></td>
        <td>Southampton</td>
        <td></td>
        <td>NA</td>
        <td></td>
      </tr>
      <tr id="LC1105" class="js-file-line">
        <td id="L1105" class="blob-num js-line-number" data-line-number="1105"></td>
        <td>1104</td>
        <td>3rd</td>
        <td>0</td>
        <td>Panula, Master. Urho Abraham</td>
        <td>male</td>
        <td>2</td>
        <td>4</td>
        <td>1</td>
        <td>3101295</td>
        <td>39.6875</td>
        <td></td>
        <td>Southampton</td>
        <td></td>
        <td>NA</td>
        <td></td>
      </tr>
      <tr id="LC1106" class="js-file-line">
        <td id="L1106" class="blob-num js-line-number" data-line-number="1106"></td>
        <td>1105</td>
        <td>3rd</td>
        <td>0</td>
        <td>Panula, Mr. Ernesti Arvid</td>
        <td>male</td>
        <td>16</td>
        <td>4</td>
        <td>1</td>
        <td>3101295</td>
        <td>39.6875</td>
        <td></td>
        <td>Southampton</td>
        <td></td>
        <td>NA</td>
        <td></td>
      </tr>
      <tr id="LC1107" class="js-file-line">
        <td id="L1107" class="blob-num js-line-number" data-line-number="1107"></td>
        <td>1106</td>
        <td>3rd</td>
        <td>0</td>
        <td>Panula, Mr. Jaako Arnold</td>
        <td>male</td>
        <td>14</td>
        <td>4</td>
        <td>1</td>
        <td>3101295</td>
        <td>39.6875</td>
        <td></td>
        <td>Southampton</td>
        <td></td>
        <td>NA</td>
        <td></td>
      </tr>
      <tr id="LC1108" class="js-file-line">
        <td id="L1108" class="blob-num js-line-number" data-line-number="1108"></td>
        <td>1107</td>
        <td>3rd</td>
        <td>0</td>
        <td>Panula, Mrs. Juha (Maria Emilia</td>
        <td>female</td>
        <td>41</td>
        <td>0</td>
        <td>5</td>
        <td>3101295</td>
        <td>39.6875</td>
        <td></td>
        <td>Southampton</td>
        <td></td>
        <td>NA</td>
        <td></td>
      </tr>
      <tr id="LC1109" class="js-file-line">
        <td id="L1109" class="blob-num js-line-number" data-line-number="1109"></td>
        <td>1108</td>
        <td>3rd</td>
        <td>0</td>
        <td>Pasic, Mr. Jakob</td>
        <td>male</td>
        <td>21</td>
        <td>0</td>
        <td>0</td>
        <td>315097</td>
        <td>8.66250038</td>
        <td></td>
        <td>Southampton</td>
        <td></td>
        <td>NA</td>
        <td></td>
      </tr>
      <tr id="LC1110" class="js-file-line">
        <td id="L1110" class="blob-num js-line-number" data-line-number="1110"></td>
        <td>1109</td>
        <td>3rd</td>
        <td>0</td>
        <td>Patchett, Mr. George</td>
        <td>male</td>
        <td>19</td>
        <td>0</td>
        <td>0</td>
        <td>358585</td>
        <td>14.5</td>
        <td></td>
        <td>Southampton</td>
        <td></td>
        <td>NA</td>
        <td></td>
      </tr>
      <tr id="LC1111" class="js-file-line">
        <td id="L1111" class="blob-num js-line-number" data-line-number="1111"></td>
        <td>1110</td>
        <td>3rd</td>
        <td>0</td>
        <td>Paulner, Mr. Uscher</td>
        <td>male</td>
        <td>NA</td>
        <td>0</td>
        <td>0</td>
        <td>3411</td>
        <td>8.71249962</td>
        <td></td>
        <td>Cherbourg</td>
        <td></td>
        <td>NA</td>
        <td></td>
      </tr>
      <tr id="LC1112" class="js-file-line">
        <td id="L1112" class="blob-num js-line-number" data-line-number="1112"></td>
        <td>1111</td>
        <td>3rd</td>
        <td>0</td>
        <td>Pavlovic, Mr. Stefo</td>
        <td>male</td>
        <td>32</td>
        <td>0</td>
        <td>0</td>
        <td>349242</td>
        <td>7.89580011</td>
        <td></td>
        <td>Southampton</td>
        <td></td>
        <td>NA</td>
        <td></td>
      </tr>
      <tr id="LC1113" class="js-file-line">
        <td id="L1113" class="blob-num js-line-number" data-line-number="1113"></td>
        <td>1112</td>
        <td>3rd</td>
        <td>0</td>
        <td>Peacock, Master. Alfred Edward</td>
        <td>male</td>
        <td>0.75</td>
        <td>1</td>
        <td>1</td>
        <td>SOTON/O.Q. 3101315</td>
        <td>13.7749996</td>
        <td></td>
        <td>Southampton</td>
        <td></td>
        <td>NA</td>
        <td></td>
      </tr>
      <tr id="LC1114" class="js-file-line">
        <td id="L1114" class="blob-num js-line-number" data-line-number="1114"></td>
        <td>1113</td>
        <td>3rd</td>
        <td>0</td>
        <td>Peacock, Miss. Treasteall</td>
        <td>female</td>
        <td>3</td>
        <td>1</td>
        <td>1</td>
        <td>SOTON/O.Q. 3101315</td>
        <td>13.7749996</td>
        <td></td>
        <td>Southampton</td>
        <td></td>
        <td>NA</td>
        <td></td>
      </tr>
      <tr id="LC1115" class="js-file-line">
        <td id="L1115" class="blob-num js-line-number" data-line-number="1115"></td>
        <td>1114</td>
        <td>3rd</td>
        <td>0</td>
        <td>Peacock, Mrs. Benjamin (Edith N</td>
        <td>female</td>
        <td>26</td>
        <td>0</td>
        <td>2</td>
        <td>SOTON/O.Q. 3101315</td>
        <td>13.7749996</td>
        <td></td>
        <td>Southampton</td>
        <td></td>
        <td>NA</td>
        <td></td>
      </tr>
      <tr id="LC1116" class="js-file-line">
        <td id="L1116" class="blob-num js-line-number" data-line-number="1116"></td>
        <td>1115</td>
        <td>3rd</td>
        <td>0</td>
        <td>Pearce, Mr. Ernest</td>
        <td>male</td>
        <td>NA</td>
        <td>0</td>
        <td>0</td>
        <td>343271</td>
        <td>7</td>
        <td></td>
        <td>Southampton</td>
        <td></td>
        <td>NA</td>
        <td></td>
      </tr>
      <tr id="LC1117" class="js-file-line">
        <td id="L1117" class="blob-num js-line-number" data-line-number="1117"></td>
        <td>1116</td>
        <td>3rd</td>
        <td>0</td>
        <td>Pedersen, Mr. Olaf</td>
        <td>male</td>
        <td>NA</td>
        <td>0</td>
        <td>0</td>
        <td>345498</td>
        <td>7.7750001</td>
        <td></td>
        <td>Southampton</td>
        <td></td>
        <td>NA</td>
        <td></td>
      </tr>
      <tr id="LC1118" class="js-file-line">
        <td id="L1118" class="blob-num js-line-number" data-line-number="1118"></td>
        <td>1117</td>
        <td>3rd</td>
        <td>0</td>
        <td>Peduzzi, Mr. Joseph</td>
        <td>male</td>
        <td>NA</td>
        <td>0</td>
        <td>0</td>
        <td>A/5 2817</td>
        <td>8.05000019</td>
        <td></td>
        <td>Southampton</td>
        <td></td>
        <td>NA</td>
        <td></td>
      </tr>
      <tr id="LC1119" class="js-file-line">
        <td id="L1119" class="blob-num js-line-number" data-line-number="1119"></td>
        <td>1118</td>
        <td>3rd</td>
        <td>0</td>
        <td>Pekoniemi, Mr. Edvard</td>
        <td>male</td>
        <td>21</td>
        <td>0</td>
        <td>0</td>
        <td>STON/O 2. 3101294</td>
        <td>7.92500019</td>
        <td></td>
        <td>Southampton</td>
        <td></td>
        <td>NA</td>
        <td></td>
      </tr>
      <tr id="LC1120" class="js-file-line">
        <td id="L1120" class="blob-num js-line-number" data-line-number="1120"></td>
        <td>1119</td>
        <td>3rd</td>
        <td>0</td>
        <td>Peltomaki, Mr. Nikolai Johannes</td>
        <td>male</td>
        <td>25</td>
        <td>0</td>
        <td>0</td>
        <td>STON/O 2. 3101291</td>
        <td>7.92500019</td>
        <td></td>
        <td>Southampton</td>
        <td></td>
        <td>NA</td>
        <td></td>
      </tr>
      <tr id="LC1121" class="js-file-line">
        <td id="L1121" class="blob-num js-line-number" data-line-number="1121"></td>
        <td>1120</td>
        <td>3rd</td>
        <td>0</td>
        <td>Perkin, Mr. John Henry</td>
        <td>male</td>
        <td>22</td>
        <td>0</td>
        <td>0</td>
        <td>A/5 21174</td>
        <td>7.25</td>
        <td></td>
        <td>Southampton</td>
        <td></td>
        <td>NA</td>
        <td></td>
      </tr>
      <tr id="LC1122" class="js-file-line">
        <td id="L1122" class="blob-num js-line-number" data-line-number="1122"></td>
        <td>1121</td>
        <td>3rd</td>
        <td>1</td>
        <td>Persson, Mr. Ernst Ulrik</td>
        <td>male</td>
        <td>25</td>
        <td>1</td>
        <td>0</td>
        <td>347083</td>
        <td>7.7750001</td>
        <td></td>
        <td>Southampton</td>
        <td>15</td>
        <td>NA</td>
        <td></td>
      </tr>
      <tr id="LC1123" class="js-file-line">
        <td id="L1123" class="blob-num js-line-number" data-line-number="1123"></td>
        <td>1122</td>
        <td>3rd</td>
        <td>1</td>
        <td>Peter, Master. Michael J</td>
        <td>male</td>
        <td>NA</td>
        <td>1</td>
        <td>1</td>
        <td>2668</td>
        <td>22.3582993</td>
        <td></td>
        <td>Cherbourg</td>
        <td>C</td>
        <td>NA</td>
        <td></td>
      </tr>
      <tr id="LC1124" class="js-file-line">
        <td id="L1124" class="blob-num js-line-number" data-line-number="1124"></td>
        <td>1123</td>
        <td>3rd</td>
        <td>1</td>
        <td>Peter, Miss. Anna</td>
        <td>female</td>
        <td>NA</td>
        <td>1</td>
        <td>1</td>
        <td>2668</td>
        <td>22.3582993</td>
        <td>F E69</td>
        <td>Cherbourg</td>
        <td>D</td>
        <td>NA</td>
        <td></td>
      </tr>
      <tr id="LC1125" class="js-file-line">
        <td id="L1125" class="blob-num js-line-number" data-line-number="1125"></td>
        <td>1124</td>
        <td>3rd</td>
        <td>1</td>
        <td>Peter, Mrs. Catherine (Catherin</td>
        <td>female</td>
        <td>NA</td>
        <td>0</td>
        <td>2</td>
        <td>2668</td>
        <td>22.3582993</td>
        <td></td>
        <td>Cherbourg</td>
        <td>D</td>
        <td>NA</td>
        <td></td>
      </tr>
      <tr id="LC1126" class="js-file-line">
        <td id="L1126" class="blob-num js-line-number" data-line-number="1126"></td>
        <td>1125</td>
        <td>3rd</td>
        <td>0</td>
        <td>Peters, Miss. Katie</td>
        <td>female</td>
        <td>NA</td>
        <td>0</td>
        <td>0</td>
        <td>330935</td>
        <td>8.13749981</td>
        <td></td>
        <td>Queenstown</td>
        <td></td>
        <td>NA</td>
        <td></td>
      </tr>
      <tr id="LC1127" class="js-file-line">
        <td id="L1127" class="blob-num js-line-number" data-line-number="1127"></td>
        <td>1126</td>
        <td>3rd</td>
        <td>0</td>
        <td>Petersen, Mr. Marius</td>
        <td>male</td>
        <td>24</td>
        <td>0</td>
        <td>0</td>
        <td>342441</td>
        <td>8.05000019</td>
        <td></td>
        <td>Southampton</td>
        <td></td>
        <td>NA</td>
        <td></td>
      </tr>
      <tr id="LC1128" class="js-file-line">
        <td id="L1128" class="blob-num js-line-number" data-line-number="1128"></td>
        <td>1127</td>
        <td>3rd</td>
        <td>0</td>
        <td>Petranec, Miss. Matilda</td>
        <td>female</td>
        <td>28</td>
        <td>0</td>
        <td>0</td>
        <td>349245</td>
        <td>7.89580011</td>
        <td></td>
        <td>Southampton</td>
        <td></td>
        <td>NA</td>
        <td></td>
      </tr>
      <tr id="LC1129" class="js-file-line">
        <td id="L1129" class="blob-num js-line-number" data-line-number="1129"></td>
        <td>1128</td>
        <td>3rd</td>
        <td>0</td>
        <td>Petroff, Mr. Nedelio</td>
        <td>male</td>
        <td>19</td>
        <td>0</td>
        <td>0</td>
        <td>349212</td>
        <td>7.89580011</td>
        <td></td>
        <td>Southampton</td>
        <td></td>
        <td>NA</td>
        <td></td>
      </tr>
      <tr id="LC1130" class="js-file-line">
        <td id="L1130" class="blob-num js-line-number" data-line-number="1130"></td>
        <td>1129</td>
        <td>3rd</td>
        <td>0</td>
        <td>Petroff, Mr. Pastcho (\&quot;Pentcho\&quot;</td>
        <td>male</td>
        <td>NA</td>
        <td>0</td>
        <td>0</td>
        <td>349215</td>
        <td>7.89580011</td>
        <td></td>
        <td>Southampton</td>
        <td></td>
        <td>NA</td>
        <td></td>
      </tr>
      <tr id="LC1131" class="js-file-line">
        <td id="L1131" class="blob-num js-line-number" data-line-number="1131"></td>
        <td>1130</td>
        <td>3rd</td>
        <td>0</td>
        <td>Petterson, Mr. Johan Emil</td>
        <td>male</td>
        <td>25</td>
        <td>1</td>
        <td>0</td>
        <td>347076</td>
        <td>7.7750001</td>
        <td></td>
        <td>Southampton</td>
        <td></td>
        <td>NA</td>
        <td></td>
      </tr>
      <tr id="LC1132" class="js-file-line">
        <td id="L1132" class="blob-num js-line-number" data-line-number="1132"></td>
        <td>1131</td>
        <td>3rd</td>
        <td>0</td>
        <td>Pettersson, Miss. Ellen Natalia</td>
        <td>female</td>
        <td>18</td>
        <td>0</td>
        <td>0</td>
        <td>347087</td>
        <td>7.7750001</td>
        <td></td>
        <td>Southampton</td>
        <td></td>
        <td>NA</td>
        <td></td>
      </tr>
      <tr id="LC1133" class="js-file-line">
        <td id="L1133" class="blob-num js-line-number" data-line-number="1133"></td>
        <td>1132</td>
        <td>3rd</td>
        <td>1</td>
        <td>Pickard, Mr. Berk (Berk Trembis</td>
        <td>male</td>
        <td>32</td>
        <td>0</td>
        <td>0</td>
        <td>SOTON/O.Q. 392078</td>
        <td>8.05000019</td>
        <td>E10</td>
        <td>Southampton</td>
        <td>9</td>
        <td>NA</td>
        <td></td>
      </tr>
      <tr id="LC1134" class="js-file-line">
        <td id="L1134" class="blob-num js-line-number" data-line-number="1134"></td>
        <td>1133</td>
        <td>3rd</td>
        <td>0</td>
        <td>Plotcharsky, Mr. Vasil</td>
        <td>male</td>
        <td>NA</td>
        <td>0</td>
        <td>0</td>
        <td>349227</td>
        <td>7.89580011</td>
        <td></td>
        <td>Southampton</td>
        <td></td>
        <td>NA</td>
        <td></td>
      </tr>
      <tr id="LC1135" class="js-file-line">
        <td id="L1135" class="blob-num js-line-number" data-line-number="1135"></td>
        <td>1134</td>
        <td>3rd</td>
        <td>0</td>
        <td>Pokrnic, Mr. Mate</td>
        <td>male</td>
        <td>17</td>
        <td>0</td>
        <td>0</td>
        <td>315095</td>
        <td>8.66250038</td>
        <td></td>
        <td>Southampton</td>
        <td></td>
        <td>NA</td>
        <td></td>
      </tr>
      <tr id="LC1136" class="js-file-line">
        <td id="L1136" class="blob-num js-line-number" data-line-number="1136"></td>
        <td>1135</td>
        <td>3rd</td>
        <td>0</td>
        <td>Pokrnic, Mr. Tome</td>
        <td>male</td>
        <td>24</td>
        <td>0</td>
        <td>0</td>
        <td>315092</td>
        <td>8.66250038</td>
        <td></td>
        <td>Southampton</td>
        <td></td>
        <td>NA</td>
        <td></td>
      </tr>
      <tr id="LC1137" class="js-file-line">
        <td id="L1137" class="blob-num js-line-number" data-line-number="1137"></td>
        <td>1136</td>
        <td>3rd</td>
        <td>0</td>
        <td>Radeff, Mr. Alexander</td>
        <td>male</td>
        <td>NA</td>
        <td>0</td>
        <td>0</td>
        <td>349223</td>
        <td>7.89580011</td>
        <td></td>
        <td>Southampton</td>
        <td></td>
        <td>NA</td>
        <td></td>
      </tr>
      <tr id="LC1138" class="js-file-line">
        <td id="L1138" class="blob-num js-line-number" data-line-number="1138"></td>
        <td>1137</td>
        <td>3rd</td>
        <td>0</td>
        <td>Rasmussen, Mrs. (Lena Jacobsen</td>
        <td>female</td>
        <td>NA</td>
        <td>0</td>
        <td>0</td>
        <td>65305</td>
        <td>8.11250019</td>
        <td></td>
        <td>Southampton</td>
        <td></td>
        <td>NA</td>
        <td></td>
      </tr>
      <tr id="LC1139" class="js-file-line">
        <td id="L1139" class="blob-num js-line-number" data-line-number="1139"></td>
        <td>1138</td>
        <td>3rd</td>
        <td>0</td>
        <td>Razi, Mr. Raihed</td>
        <td>male</td>
        <td>NA</td>
        <td>0</td>
        <td>0</td>
        <td>2629</td>
        <td>7.22919989</td>
        <td></td>
        <td>Cherbourg</td>
        <td></td>
        <td>NA</td>
        <td></td>
      </tr>
      <tr id="LC1140" class="js-file-line">
        <td id="L1140" class="blob-num js-line-number" data-line-number="1140"></td>
        <td>1139</td>
        <td>3rd</td>
        <td>0</td>
        <td>Reed, Mr. James George</td>
        <td>male</td>
        <td>NA</td>
        <td>0</td>
        <td>0</td>
        <td>362316</td>
        <td>7.25</td>
        <td></td>
        <td>Southampton</td>
        <td></td>
        <td>NA</td>
        <td></td>
      </tr>
      <tr id="LC1141" class="js-file-line">
        <td id="L1141" class="blob-num js-line-number" data-line-number="1141"></td>
        <td>1140</td>
        <td>3rd</td>
        <td>0</td>
        <td>Rekic, Mr. Tido</td>
        <td>male</td>
        <td>38</td>
        <td>0</td>
        <td>0</td>
        <td>349249</td>
        <td>7.89580011</td>
        <td></td>
        <td>Southampton</td>
        <td></td>
        <td>NA</td>
        <td></td>
      </tr>
      <tr id="LC1142" class="js-file-line">
        <td id="L1142" class="blob-num js-line-number" data-line-number="1142"></td>
        <td>1141</td>
        <td>3rd</td>
        <td>0</td>
        <td>Reynolds, Mr. Harold J</td>
        <td>male</td>
        <td>21</td>
        <td>0</td>
        <td>0</td>
        <td>342684</td>
        <td>8.05000019</td>
        <td></td>
        <td>Southampton</td>
        <td></td>
        <td>NA</td>
        <td></td>
      </tr>
      <tr id="LC1143" class="js-file-line">
        <td id="L1143" class="blob-num js-line-number" data-line-number="1143"></td>
        <td>1142</td>
        <td>3rd</td>
        <td>0</td>
        <td>Rice, Master. Albert</td>
        <td>male</td>
        <td>10</td>
        <td>4</td>
        <td>1</td>
        <td>382652</td>
        <td>29.125</td>
        <td></td>
        <td>Queenstown</td>
        <td></td>
        <td>NA</td>
        <td></td>
      </tr>
      <tr id="LC1144" class="js-file-line">
        <td id="L1144" class="blob-num js-line-number" data-line-number="1144"></td>
        <td>1143</td>
        <td>3rd</td>
        <td>0</td>
        <td>Rice, Master. Arthur</td>
        <td>male</td>
        <td>4</td>
        <td>4</td>
        <td>1</td>
        <td>382652</td>
        <td>29.125</td>
        <td></td>
        <td>Queenstown</td>
        <td></td>
        <td>NA</td>
        <td></td>
      </tr>
      <tr id="LC1145" class="js-file-line">
        <td id="L1145" class="blob-num js-line-number" data-line-number="1145"></td>
        <td>1144</td>
        <td>3rd</td>
        <td>0</td>
        <td>Rice, Master. Eric</td>
        <td>male</td>
        <td>7</td>
        <td>4</td>
        <td>1</td>
        <td>382652</td>
        <td>29.125</td>
        <td></td>
        <td>Queenstown</td>
        <td></td>
        <td>NA</td>
        <td></td>
      </tr>
      <tr id="LC1146" class="js-file-line">
        <td id="L1146" class="blob-num js-line-number" data-line-number="1146"></td>
        <td>1145</td>
        <td>3rd</td>
        <td>0</td>
        <td>Rice, Master. Eugene</td>
        <td>male</td>
        <td>2</td>
        <td>4</td>
        <td>1</td>
        <td>382652</td>
        <td>29.125</td>
        <td></td>
        <td>Queenstown</td>
        <td></td>
        <td>NA</td>
        <td></td>
      </tr>
      <tr id="LC1147" class="js-file-line">
        <td id="L1147" class="blob-num js-line-number" data-line-number="1147"></td>
        <td>1146</td>
        <td>3rd</td>
        <td>0</td>
        <td>Rice, Master. George Hugh</td>
        <td>male</td>
        <td>8</td>
        <td>4</td>
        <td>1</td>
        <td>382652</td>
        <td>29.125</td>
        <td></td>
        <td>Queenstown</td>
        <td></td>
        <td>NA</td>
        <td></td>
      </tr>
      <tr id="LC1148" class="js-file-line">
        <td id="L1148" class="blob-num js-line-number" data-line-number="1148"></td>
        <td>1147</td>
        <td>3rd</td>
        <td>0</td>
        <td>Rice, Mrs. William (Margaret No</td>
        <td>female</td>
        <td>39</td>
        <td>0</td>
        <td>5</td>
        <td>382652</td>
        <td>29.125</td>
        <td></td>
        <td>Queenstown</td>
        <td></td>
        <td>327</td>
        <td></td>
      </tr>
      <tr id="LC1149" class="js-file-line">
        <td id="L1149" class="blob-num js-line-number" data-line-number="1149"></td>
        <td>1148</td>
        <td>3rd</td>
        <td>0</td>
        <td>Riihivouri, Miss. Susanna Juhan</td>
        <td>female</td>
        <td>22</td>
        <td>0</td>
        <td>0</td>
        <td>3101295</td>
        <td>39.6875</td>
        <td></td>
        <td>Southampton</td>
        <td></td>
        <td>NA</td>
        <td></td>
      </tr>
      <tr id="LC1150" class="js-file-line">
        <td id="L1150" class="blob-num js-line-number" data-line-number="1150"></td>
        <td>1149</td>
        <td>3rd</td>
        <td>0</td>
        <td>Rintamaki, Mr. Matti</td>
        <td>male</td>
        <td>35</td>
        <td>0</td>
        <td>0</td>
        <td>STON/O 2. 3101273</td>
        <td>7.125</td>
        <td></td>
        <td>Southampton</td>
        <td></td>
        <td>NA</td>
        <td></td>
      </tr>
      <tr id="LC1151" class="js-file-line">
        <td id="L1151" class="blob-num js-line-number" data-line-number="1151"></td>
        <td>1150</td>
        <td>3rd</td>
        <td>1</td>
        <td>Riordan, Miss. Johanna \&quot;Hannah\&quot;</td>
        <td>female</td>
        <td>NA</td>
        <td>0</td>
        <td>0</td>
        <td>334915</td>
        <td>7.72079992</td>
        <td></td>
        <td>Queenstown</td>
        <td>13</td>
        <td>NA</td>
        <td></td>
      </tr>
      <tr id="LC1152" class="js-file-line">
        <td id="L1152" class="blob-num js-line-number" data-line-number="1152"></td>
        <td>1151</td>
        <td>3rd</td>
        <td>0</td>
        <td>Risien, Mr. Samuel Beard</td>
        <td>male</td>
        <td>NA</td>
        <td>0</td>
        <td>0</td>
        <td>364498</td>
        <td>14.5</td>
        <td></td>
        <td>Southampton</td>
        <td></td>
        <td>NA</td>
        <td></td>
      </tr>
      <tr id="LC1153" class="js-file-line">
        <td id="L1153" class="blob-num js-line-number" data-line-number="1153"></td>
        <td>1152</td>
        <td>3rd</td>
        <td>0</td>
        <td>Risien, Mrs. Samuel (Emma)</td>
        <td>female</td>
        <td>NA</td>
        <td>0</td>
        <td>0</td>
        <td>364498</td>
        <td>14.5</td>
        <td></td>
        <td>Southampton</td>
        <td></td>
        <td>NA</td>
        <td></td>
      </tr>
      <tr id="LC1154" class="js-file-line">
        <td id="L1154" class="blob-num js-line-number" data-line-number="1154"></td>
        <td>1153</td>
        <td>3rd</td>
        <td>0</td>
        <td>Robins, Mr. Alexander A</td>
        <td>male</td>
        <td>50</td>
        <td>1</td>
        <td>0</td>
        <td>A/5. 3337</td>
        <td>14.5</td>
        <td></td>
        <td>Southampton</td>
        <td></td>
        <td>119</td>
        <td></td>
      </tr>
      <tr id="LC1155" class="js-file-line">
        <td id="L1155" class="blob-num js-line-number" data-line-number="1155"></td>
        <td>1154</td>
        <td>3rd</td>
        <td>0</td>
        <td>Robins, Mrs. Alexander A (Grace</td>
        <td>female</td>
        <td>47</td>
        <td>1</td>
        <td>0</td>
        <td>A/5. 3337</td>
        <td>14.5</td>
        <td></td>
        <td>Southampton</td>
        <td></td>
        <td>7</td>
        <td></td>
      </tr>
      <tr id="LC1156" class="js-file-line">
        <td id="L1156" class="blob-num js-line-number" data-line-number="1156"></td>
        <td>1155</td>
        <td>3rd</td>
        <td>0</td>
        <td>Rogers, Mr. William John</td>
        <td>male</td>
        <td>NA</td>
        <td>0</td>
        <td>0</td>
        <td>S.C./A.4. 23567</td>
        <td>8.05000019</td>
        <td></td>
        <td>Southampton</td>
        <td></td>
        <td>NA</td>
        <td></td>
      </tr>
      <tr id="LC1157" class="js-file-line">
        <td id="L1157" class="blob-num js-line-number" data-line-number="1157"></td>
        <td>1156</td>
        <td>3rd</td>
        <td>0</td>
        <td>Rommetvedt, Mr. Knud Paust</td>
        <td>male</td>
        <td>NA</td>
        <td>0</td>
        <td>0</td>
        <td>312993</td>
        <td>7.7750001</td>
        <td></td>
        <td>Southampton</td>
        <td></td>
        <td>NA</td>
        <td></td>
      </tr>
      <tr id="LC1158" class="js-file-line">
        <td id="L1158" class="blob-num js-line-number" data-line-number="1158"></td>
        <td>1157</td>
        <td>3rd</td>
        <td>0</td>
        <td>Rosblom, Miss. Salli Helena</td>
        <td>female</td>
        <td>2</td>
        <td>1</td>
        <td>1</td>
        <td>370129</td>
        <td>20.2124996</td>
        <td></td>
        <td>Southampton</td>
        <td></td>
        <td>NA</td>
        <td></td>
      </tr>
      <tr id="LC1159" class="js-file-line">
        <td id="L1159" class="blob-num js-line-number" data-line-number="1159"></td>
        <td>1158</td>
        <td>3rd</td>
        <td>0</td>
        <td>Rosblom, Mr. Viktor Richard</td>
        <td>male</td>
        <td>18</td>
        <td>1</td>
        <td>1</td>
        <td>370129</td>
        <td>20.2124996</td>
        <td></td>
        <td>Southampton</td>
        <td></td>
        <td>NA</td>
        <td></td>
      </tr>
      <tr id="LC1160" class="js-file-line">
        <td id="L1160" class="blob-num js-line-number" data-line-number="1160"></td>
        <td>1159</td>
        <td>3rd</td>
        <td>0</td>
        <td>Rosblom, Mrs. Viktor (Helena Wi</td>
        <td>female</td>
        <td>41</td>
        <td>0</td>
        <td>2</td>
        <td>370129</td>
        <td>20.2124996</td>
        <td></td>
        <td>Southampton</td>
        <td></td>
        <td>NA</td>
        <td></td>
      </tr>
      <tr id="LC1161" class="js-file-line">
        <td id="L1161" class="blob-num js-line-number" data-line-number="1161"></td>
        <td>1160</td>
        <td>3rd</td>
        <td>1</td>
        <td>Roth, Miss. Sarah A</td>
        <td>female</td>
        <td>NA</td>
        <td>0</td>
        <td>0</td>
        <td>342712</td>
        <td>8.05000019</td>
        <td></td>
        <td>Southampton</td>
        <td>C</td>
        <td>NA</td>
        <td></td>
      </tr>
      <tr id="LC1162" class="js-file-line">
        <td id="L1162" class="blob-num js-line-number" data-line-number="1162"></td>
        <td>1161</td>
        <td>3rd</td>
        <td>0</td>
        <td>Rouse, Mr. Richard Henry</td>
        <td>male</td>
        <td>50</td>
        <td>0</td>
        <td>0</td>
        <td>A/5 3594</td>
        <td>8.05000019</td>
        <td></td>
        <td>Southampton</td>
        <td></td>
        <td>NA</td>
        <td></td>
      </tr>
      <tr id="LC1163" class="js-file-line">
        <td id="L1163" class="blob-num js-line-number" data-line-number="1163"></td>
        <td>1162</td>
        <td>3rd</td>
        <td>0</td>
        <td>Rush, Mr. Alfred George John</td>
        <td>male</td>
        <td>16</td>
        <td>0</td>
        <td>0</td>
        <td>A/4. 20589</td>
        <td>8.05000019</td>
        <td></td>
        <td>Southampton</td>
        <td></td>
        <td>NA</td>
        <td></td>
      </tr>
      <tr id="LC1164" class="js-file-line">
        <td id="L1164" class="blob-num js-line-number" data-line-number="1164"></td>
        <td>1163</td>
        <td>3rd</td>
        <td>1</td>
        <td>Ryan, Mr. Edward</td>
        <td>male</td>
        <td>NA</td>
        <td>0</td>
        <td>0</td>
        <td>383162</td>
        <td>7.75</td>
        <td></td>
        <td>Queenstown</td>
        <td>14</td>
        <td>NA</td>
        <td></td>
      </tr>
      <tr id="LC1165" class="js-file-line">
        <td id="L1165" class="blob-num js-line-number" data-line-number="1165"></td>
        <td>1164</td>
        <td>3rd</td>
        <td>0</td>
        <td>Ryan, Mr. Patrick</td>
        <td>male</td>
        <td>NA</td>
        <td>0</td>
        <td>0</td>
        <td>371110</td>
        <td>24.1499996</td>
        <td></td>
        <td>Queenstown</td>
        <td></td>
        <td>NA</td>
        <td></td>
      </tr>
      <tr id="LC1166" class="js-file-line">
        <td id="L1166" class="blob-num js-line-number" data-line-number="1166"></td>
        <td>1165</td>
        <td>3rd</td>
        <td>0</td>
        <td>Saad, Mr. Amin</td>
        <td>male</td>
        <td>NA</td>
        <td>0</td>
        <td>0</td>
        <td>2671</td>
        <td>7.22919989</td>
        <td></td>
        <td>Cherbourg</td>
        <td></td>
        <td>NA</td>
        <td></td>
      </tr>
      <tr id="LC1167" class="js-file-line">
        <td id="L1167" class="blob-num js-line-number" data-line-number="1167"></td>
        <td>1166</td>
        <td>3rd</td>
        <td>0</td>
        <td>Saad, Mr. Khalil</td>
        <td>male</td>
        <td>25</td>
        <td>0</td>
        <td>0</td>
        <td>2672</td>
        <td>7.2249999</td>
        <td></td>
        <td>Cherbourg</td>
        <td></td>
        <td>NA</td>
        <td></td>
      </tr>
      <tr id="LC1168" class="js-file-line">
        <td id="L1168" class="blob-num js-line-number" data-line-number="1168"></td>
        <td>1167</td>
        <td>3rd</td>
        <td>0</td>
        <td>Saade, Mr. Jean Nassr</td>
        <td>male</td>
        <td>NA</td>
        <td>0</td>
        <td>0</td>
        <td>2676</td>
        <td>7.2249999</td>
        <td></td>
        <td>Cherbourg</td>
        <td></td>
        <td>NA</td>
        <td></td>
      </tr>
      <tr id="LC1169" class="js-file-line">
        <td id="L1169" class="blob-num js-line-number" data-line-number="1169"></td>
        <td>1168</td>
        <td>3rd</td>
        <td>0</td>
        <td>Sadlier, Mr. Matthew</td>
        <td>male</td>
        <td>NA</td>
        <td>0</td>
        <td>0</td>
        <td>367655</td>
        <td>7.72919989</td>
        <td></td>
        <td>Queenstown</td>
        <td></td>
        <td>NA</td>
        <td></td>
      </tr>
      <tr id="LC1170" class="js-file-line">
        <td id="L1170" class="blob-num js-line-number" data-line-number="1170"></td>
        <td>1169</td>
        <td>3rd</td>
        <td>0</td>
        <td>Sadowitz, Mr. Harry</td>
        <td>male</td>
        <td>NA</td>
        <td>0</td>
        <td>0</td>
        <td>LP 1588</td>
        <td>7.57499981</td>
        <td></td>
        <td>Southampton</td>
        <td></td>
        <td>NA</td>
        <td></td>
      </tr>
      <tr id="LC1171" class="js-file-line">
        <td id="L1171" class="blob-num js-line-number" data-line-number="1171"></td>
        <td>1170</td>
        <td>3rd</td>
        <td>0</td>
        <td>Saether, Mr. Simon Sivertsen</td>
        <td>male</td>
        <td>38.5</td>
        <td>0</td>
        <td>0</td>
        <td>SOTON/O.Q. 3101262</td>
        <td>7.25</td>
        <td></td>
        <td>Southampton</td>
        <td></td>
        <td>32</td>
        <td></td>
      </tr>
      <tr id="LC1172" class="js-file-line">
        <td id="L1172" class="blob-num js-line-number" data-line-number="1172"></td>
        <td>1171</td>
        <td>3rd</td>
        <td>0</td>
        <td>Sage, Master. Thomas Henry</td>
        <td>male</td>
        <td>NA</td>
        <td>8</td>
        <td>2</td>
        <td>CA. 2343</td>
        <td>69.5500031</td>
        <td></td>
        <td>Southampton</td>
        <td></td>
        <td>NA</td>
        <td></td>
      </tr>
      <tr id="LC1173" class="js-file-line">
        <td id="L1173" class="blob-num js-line-number" data-line-number="1173"></td>
        <td>1172</td>
        <td>3rd</td>
        <td>0</td>
        <td>Sage, Master. William Henry</td>
        <td>male</td>
        <td>14.5</td>
        <td>8</td>
        <td>2</td>
        <td>CA. 2343</td>
        <td>69.5500031</td>
        <td></td>
        <td>Southampton</td>
        <td></td>
        <td>67</td>
        <td></td>
      </tr>
      <tr id="LC1174" class="js-file-line">
        <td id="L1174" class="blob-num js-line-number" data-line-number="1174"></td>
        <td>1173</td>
        <td>3rd</td>
        <td>0</td>
        <td>Sage, Miss. Ada</td>
        <td>female</td>
        <td>NA</td>
        <td>8</td>
        <td>2</td>
        <td>CA. 2343</td>
        <td>69.5500031</td>
        <td></td>
        <td>Southampton</td>
        <td></td>
        <td>NA</td>
        <td></td>
      </tr>
      <tr id="LC1175" class="js-file-line">
        <td id="L1175" class="blob-num js-line-number" data-line-number="1175"></td>
        <td>1174</td>
        <td>3rd</td>
        <td>0</td>
        <td>Sage, Miss. Constance Gladys</td>
        <td>female</td>
        <td>NA</td>
        <td>8</td>
        <td>2</td>
        <td>CA. 2343</td>
        <td>69.5500031</td>
        <td></td>
        <td>Southampton</td>
        <td></td>
        <td>NA</td>
        <td></td>
      </tr>
      <tr id="LC1176" class="js-file-line">
        <td id="L1176" class="blob-num js-line-number" data-line-number="1176"></td>
        <td>1175</td>
        <td>3rd</td>
        <td>0</td>
        <td>Sage, Miss. Dorothy Edith \&quot;Doll</td>
        <td>female</td>
        <td>NA</td>
        <td>8</td>
        <td>2</td>
        <td>CA. 2343</td>
        <td>69.5500031</td>
        <td></td>
        <td>Southampton</td>
        <td></td>
        <td>NA</td>
        <td></td>
      </tr>
      <tr id="LC1177" class="js-file-line">
        <td id="L1177" class="blob-num js-line-number" data-line-number="1177"></td>
        <td>1176</td>
        <td>3rd</td>
        <td>0</td>
        <td>Sage, Miss. Stella Anna</td>
        <td>female</td>
        <td>NA</td>
        <td>8</td>
        <td>2</td>
        <td>CA. 2343</td>
        <td>69.5500031</td>
        <td></td>
        <td>Southampton</td>
        <td></td>
        <td>NA</td>
        <td></td>
      </tr>
      <tr id="LC1178" class="js-file-line">
        <td id="L1178" class="blob-num js-line-number" data-line-number="1178"></td>
        <td>1177</td>
        <td>3rd</td>
        <td>0</td>
        <td>Sage, Mr. Douglas Bullen</td>
        <td>male</td>
        <td>NA</td>
        <td>8</td>
        <td>2</td>
        <td>CA. 2343</td>
        <td>69.5500031</td>
        <td></td>
        <td>Southampton</td>
        <td></td>
        <td>NA</td>
        <td></td>
      </tr>
      <tr id="LC1179" class="js-file-line">
        <td id="L1179" class="blob-num js-line-number" data-line-number="1179"></td>
        <td>1178</td>
        <td>3rd</td>
        <td>0</td>
        <td>Sage, Mr. Frederick</td>
        <td>male</td>
        <td>NA</td>
        <td>8</td>
        <td>2</td>
        <td>CA. 2343</td>
        <td>69.5500031</td>
        <td></td>
        <td>Southampton</td>
        <td></td>
        <td>NA</td>
        <td></td>
      </tr>
      <tr id="LC1180" class="js-file-line">
        <td id="L1180" class="blob-num js-line-number" data-line-number="1180"></td>
        <td>1179</td>
        <td>3rd</td>
        <td>0</td>
        <td>Sage, Mr. George John Jr</td>
        <td>male</td>
        <td>NA</td>
        <td>8</td>
        <td>2</td>
        <td>CA. 2343</td>
        <td>69.5500031</td>
        <td></td>
        <td>Southampton</td>
        <td></td>
        <td>NA</td>
        <td></td>
      </tr>
      <tr id="LC1181" class="js-file-line">
        <td id="L1181" class="blob-num js-line-number" data-line-number="1181"></td>
        <td>1180</td>
        <td>3rd</td>
        <td>0</td>
        <td>Sage, Mr. John George</td>
        <td>male</td>
        <td>NA</td>
        <td>1</td>
        <td>9</td>
        <td>CA. 2343</td>
        <td>69.5500031</td>
        <td></td>
        <td>Southampton</td>
        <td></td>
        <td>NA</td>
        <td></td>
      </tr>
      <tr id="LC1182" class="js-file-line">
        <td id="L1182" class="blob-num js-line-number" data-line-number="1182"></td>
        <td>1181</td>
        <td>3rd</td>
        <td>0</td>
        <td>Sage, Mrs. John (Annie Bullen)</td>
        <td>female</td>
        <td>NA</td>
        <td>1</td>
        <td>9</td>
        <td>CA. 2343</td>
        <td>69.5500031</td>
        <td></td>
        <td>Southampton</td>
        <td></td>
        <td>NA</td>
        <td></td>
      </tr>
      <tr id="LC1183" class="js-file-line">
        <td id="L1183" class="blob-num js-line-number" data-line-number="1183"></td>
        <td>1182</td>
        <td>3rd</td>
        <td>0</td>
        <td>Salander, Mr. Karl Johan</td>
        <td>male</td>
        <td>24</td>
        <td>0</td>
        <td>0</td>
        <td>7266</td>
        <td>9.32499981</td>
        <td></td>
        <td>Southampton</td>
        <td></td>
        <td>NA</td>
        <td></td>
      </tr>
      <tr id="LC1184" class="js-file-line">
        <td id="L1184" class="blob-num js-line-number" data-line-number="1184"></td>
        <td>1183</td>
        <td>3rd</td>
        <td>1</td>
        <td>Salkjelsvik, Miss. Anna Kristin</td>
        <td>female</td>
        <td>21</td>
        <td>0</td>
        <td>0</td>
        <td>343120</td>
        <td>7.6500001</td>
        <td></td>
        <td>Southampton</td>
        <td>C</td>
        <td>NA</td>
        <td></td>
      </tr>
      <tr id="LC1185" class="js-file-line">
        <td id="L1185" class="blob-num js-line-number" data-line-number="1185"></td>
        <td>1184</td>
        <td>3rd</td>
        <td>0</td>
        <td>Salonen, Mr. Johan Werner</td>
        <td>male</td>
        <td>39</td>
        <td>0</td>
        <td>0</td>
        <td>3101296</td>
        <td>7.92500019</td>
        <td></td>
        <td>Southampton</td>
        <td></td>
        <td>NA</td>
        <td></td>
      </tr>
      <tr id="LC1186" class="js-file-line">
        <td id="L1186" class="blob-num js-line-number" data-line-number="1186"></td>
        <td>1185</td>
        <td>3rd</td>
        <td>0</td>
        <td>Samaan, Mr. Elias</td>
        <td>male</td>
        <td>NA</td>
        <td>2</td>
        <td>0</td>
        <td>2662</td>
        <td>21.6791992</td>
        <td></td>
        <td>Cherbourg</td>
        <td></td>
        <td>NA</td>
        <td></td>
      </tr>
      <tr id="LC1187" class="js-file-line">
        <td id="L1187" class="blob-num js-line-number" data-line-number="1187"></td>
        <td>1186</td>
        <td>3rd</td>
        <td>0</td>
        <td>Samaan, Mr. Hanna</td>
        <td>male</td>
        <td>NA</td>
        <td>2</td>
        <td>0</td>
        <td>2662</td>
        <td>21.6791992</td>
        <td></td>
        <td>Cherbourg</td>
        <td></td>
        <td>NA</td>
        <td></td>
      </tr>
      <tr id="LC1188" class="js-file-line">
        <td id="L1188" class="blob-num js-line-number" data-line-number="1188"></td>
        <td>1187</td>
        <td>3rd</td>
        <td>0</td>
        <td>Samaan, Mr. Youssef</td>
        <td>male</td>
        <td>NA</td>
        <td>2</td>
        <td>0</td>
        <td>2662</td>
        <td>21.6791992</td>
        <td></td>
        <td>Cherbourg</td>
        <td></td>
        <td>NA</td>
        <td></td>
      </tr>
      <tr id="LC1189" class="js-file-line">
        <td id="L1189" class="blob-num js-line-number" data-line-number="1189"></td>
        <td>1188</td>
        <td>3rd</td>
        <td>1</td>
        <td>Sandstrom, Miss. Beatrice Irene</td>
        <td>female</td>
        <td>1</td>
        <td>1</td>
        <td>1</td>
        <td>PP 9549</td>
        <td>16.7000008</td>
        <td>G6</td>
        <td>Southampton</td>
        <td>13</td>
        <td>NA</td>
        <td></td>
      </tr>
      <tr id="LC1190" class="js-file-line">
        <td id="L1190" class="blob-num js-line-number" data-line-number="1190"></td>
        <td>1189</td>
        <td>3rd</td>
        <td>1</td>
        <td>Sandstrom, Mrs. Hjalmar (Agnes</td>
        <td>female</td>
        <td>24</td>
        <td>0</td>
        <td>2</td>
        <td>PP 9549</td>
        <td>16.7000008</td>
        <td>G6</td>
        <td>Southampton</td>
        <td>13</td>
        <td>NA</td>
        <td></td>
      </tr>
      <tr id="LC1191" class="js-file-line">
        <td id="L1191" class="blob-num js-line-number" data-line-number="1191"></td>
        <td>1190</td>
        <td>3rd</td>
        <td>1</td>
        <td>Sandstrom, Miss. Marguerite Rut</td>
        <td>female</td>
        <td>4</td>
        <td>1</td>
        <td>1</td>
        <td>PP 9549</td>
        <td>16.7000008</td>
        <td>G6</td>
        <td>Southampton</td>
        <td>13</td>
        <td>NA</td>
        <td></td>
      </tr>
      <tr id="LC1192" class="js-file-line">
        <td id="L1192" class="blob-num js-line-number" data-line-number="1192"></td>
        <td>1191</td>
        <td>3rd</td>
        <td>1</td>
        <td>Sap, Mr. Julius</td>
        <td>male</td>
        <td>25</td>
        <td>0</td>
        <td>0</td>
        <td>345768</td>
        <td>9.5</td>
        <td></td>
        <td>Southampton</td>
        <td>11</td>
        <td>NA</td>
        <td></td>
      </tr>
      <tr id="LC1193" class="js-file-line">
        <td id="L1193" class="blob-num js-line-number" data-line-number="1193"></td>
        <td>1192</td>
        <td>3rd</td>
        <td>0</td>
        <td>Saundercock, Mr. William Henry</td>
        <td>male</td>
        <td>20</td>
        <td>0</td>
        <td>0</td>
        <td>A/5. 2151</td>
        <td>8.05000019</td>
        <td></td>
        <td>Southampton</td>
        <td></td>
        <td>NA</td>
        <td></td>
      </tr>
      <tr id="LC1194" class="js-file-line">
        <td id="L1194" class="blob-num js-line-number" data-line-number="1194"></td>
        <td>1193</td>
        <td>3rd</td>
        <td>0</td>
        <td>Sawyer, Mr. Frederick Charles</td>
        <td>male</td>
        <td>24.5</td>
        <td>0</td>
        <td>0</td>
        <td>342826</td>
        <td>8.05000019</td>
        <td></td>
        <td>Southampton</td>
        <td></td>
        <td>284</td>
        <td></td>
      </tr>
      <tr id="LC1195" class="js-file-line">
        <td id="L1195" class="blob-num js-line-number" data-line-number="1195"></td>
        <td>1194</td>
        <td>3rd</td>
        <td>0</td>
        <td>Scanlan, Mr. James</td>
        <td>male</td>
        <td>NA</td>
        <td>0</td>
        <td>0</td>
        <td>36209</td>
        <td>7.7249999</td>
        <td></td>
        <td>Queenstown</td>
        <td></td>
        <td>NA</td>
        <td></td>
      </tr>
      <tr id="LC1196" class="js-file-line">
        <td id="L1196" class="blob-num js-line-number" data-line-number="1196"></td>
        <td>1195</td>
        <td>3rd</td>
        <td>0</td>
        <td>Sdycoff, Mr. Todor</td>
        <td>male</td>
        <td>NA</td>
        <td>0</td>
        <td>0</td>
        <td>349222</td>
        <td>7.89580011</td>
        <td></td>
        <td>Southampton</td>
        <td></td>
        <td>NA</td>
        <td></td>
      </tr>
      <tr id="LC1197" class="js-file-line">
        <td id="L1197" class="blob-num js-line-number" data-line-number="1197"></td>
        <td>1196</td>
        <td>3rd</td>
        <td>0</td>
        <td>Shaughnessy, Mr. Patrick</td>
        <td>male</td>
        <td>NA</td>
        <td>0</td>
        <td>0</td>
        <td>370374</td>
        <td>7.75</td>
        <td></td>
        <td>Queenstown</td>
        <td></td>
        <td>NA</td>
        <td></td>
      </tr>
      <tr id="LC1198" class="js-file-line">
        <td id="L1198" class="blob-num js-line-number" data-line-number="1198"></td>
        <td>1197</td>
        <td>3rd</td>
        <td>1</td>
        <td>Sheerlinck, Mr. Jan Baptist</td>
        <td>male</td>
        <td>29</td>
        <td>0</td>
        <td>0</td>
        <td>345779</td>
        <td>9.5</td>
        <td></td>
        <td>Southampton</td>
        <td>11</td>
        <td>NA</td>
        <td></td>
      </tr>
      <tr id="LC1199" class="js-file-line">
        <td id="L1199" class="blob-num js-line-number" data-line-number="1199"></td>
        <td>1198</td>
        <td>3rd</td>
        <td>0</td>
        <td>Shellard, Mr. Frederick William</td>
        <td>male</td>
        <td>NA</td>
        <td>0</td>
        <td>0</td>
        <td>C.A. 6212</td>
        <td>15.1000004</td>
        <td></td>
        <td>Southampton</td>
        <td></td>
        <td>NA</td>
        <td></td>
      </tr>
      <tr id="LC1200" class="js-file-line">
        <td id="L1200" class="blob-num js-line-number" data-line-number="1200"></td>
        <td>1199</td>
        <td>3rd</td>
        <td>1</td>
        <td>Shine, Miss. Ellen Natalia</td>
        <td>female</td>
        <td>NA</td>
        <td>0</td>
        <td>0</td>
        <td>330968</td>
        <td>7.77920008</td>
        <td></td>
        <td>Queenstown</td>
        <td></td>
        <td>NA</td>
        <td></td>
      </tr>
      <tr id="LC1201" class="js-file-line">
        <td id="L1201" class="blob-num js-line-number" data-line-number="1201"></td>
        <td>1200</td>
        <td>3rd</td>
        <td>0</td>
        <td>Shorney, Mr. Charles Joseph</td>
        <td>male</td>
        <td>NA</td>
        <td>0</td>
        <td>0</td>
        <td>374910</td>
        <td>8.05000019</td>
        <td></td>
        <td>Southampton</td>
        <td></td>
        <td>NA</td>
        <td></td>
      </tr>
      <tr id="LC1202" class="js-file-line">
        <td id="L1202" class="blob-num js-line-number" data-line-number="1202"></td>
        <td>1201</td>
        <td>3rd</td>
        <td>0</td>
        <td>Simmons, Mr. John</td>
        <td>male</td>
        <td>NA</td>
        <td>0</td>
        <td>0</td>
        <td>SOTON/OQ 392082</td>
        <td>8.05000019</td>
        <td></td>
        <td>Southampton</td>
        <td></td>
        <td>NA</td>
        <td></td>
      </tr>
      <tr id="LC1203" class="js-file-line">
        <td id="L1203" class="blob-num js-line-number" data-line-number="1203"></td>
        <td>1202</td>
        <td>3rd</td>
        <td>0</td>
        <td>Sirayanian, Mr. Orsen</td>
        <td>male</td>
        <td>22</td>
        <td>0</td>
        <td>0</td>
        <td>2669</td>
        <td>7.22919989</td>
        <td></td>
        <td>Cherbourg</td>
        <td></td>
        <td>NA</td>
        <td></td>
      </tr>
      <tr id="LC1204" class="js-file-line">
        <td id="L1204" class="blob-num js-line-number" data-line-number="1204"></td>
        <td>1203</td>
        <td>3rd</td>
        <td>0</td>
        <td>Sirota, Mr. Maurice</td>
        <td>male</td>
        <td>NA</td>
        <td>0</td>
        <td>0</td>
        <td>392092</td>
        <td>8.05000019</td>
        <td></td>
        <td>Southampton</td>
        <td></td>
        <td>NA</td>
        <td></td>
      </tr>
      <tr id="LC1205" class="js-file-line">
        <td id="L1205" class="blob-num js-line-number" data-line-number="1205"></td>
        <td>1204</td>
        <td>3rd</td>
        <td>0</td>
        <td>Sivic, Mr. Husein</td>
        <td>male</td>
        <td>40</td>
        <td>0</td>
        <td>0</td>
        <td>349251</td>
        <td>7.89580011</td>
        <td></td>
        <td>Southampton</td>
        <td></td>
        <td>NA</td>
        <td></td>
      </tr>
      <tr id="LC1206" class="js-file-line">
        <td id="L1206" class="blob-num js-line-number" data-line-number="1206"></td>
        <td>1205</td>
        <td>3rd</td>
        <td>0</td>
        <td>Sivola, Mr. Antti Wilhelm</td>
        <td>male</td>
        <td>21</td>
        <td>0</td>
        <td>0</td>
        <td>STON/O 2. 3101280</td>
        <td>7.92500019</td>
        <td></td>
        <td>Southampton</td>
        <td></td>
        <td>NA</td>
        <td></td>
      </tr>
      <tr id="LC1207" class="js-file-line">
        <td id="L1207" class="blob-num js-line-number" data-line-number="1207"></td>
        <td>1206</td>
        <td>3rd</td>
        <td>1</td>
        <td>Sjoblom, Miss. Anna Sofia</td>
        <td>female</td>
        <td>18</td>
        <td>0</td>
        <td>0</td>
        <td>3101265</td>
        <td>7.49580002</td>
        <td></td>
        <td>Southampton</td>
        <td>16</td>
        <td>NA</td>
        <td></td>
      </tr>
      <tr id="LC1208" class="js-file-line">
        <td id="L1208" class="blob-num js-line-number" data-line-number="1208"></td>
        <td>1207</td>
        <td>3rd</td>
        <td>0</td>
        <td>Skoog, Master. Harald</td>
        <td>male</td>
        <td>4</td>
        <td>3</td>
        <td>2</td>
        <td>347088</td>
        <td>27.8999996</td>
        <td></td>
        <td>Southampton</td>
        <td></td>
        <td>NA</td>
        <td></td>
      </tr>
      <tr id="LC1209" class="js-file-line">
        <td id="L1209" class="blob-num js-line-number" data-line-number="1209"></td>
        <td>1208</td>
        <td>3rd</td>
        <td>0</td>
        <td>Skoog, Master. Karl Thorsten</td>
        <td>male</td>
        <td>10</td>
        <td>3</td>
        <td>2</td>
        <td>347088</td>
        <td>27.8999996</td>
        <td></td>
        <td>Southampton</td>
        <td></td>
        <td>NA</td>
        <td></td>
      </tr>
      <tr id="LC1210" class="js-file-line">
        <td id="L1210" class="blob-num js-line-number" data-line-number="1210"></td>
        <td>1209</td>
        <td>3rd</td>
        <td>0</td>
        <td>Skoog, Miss. Mabel</td>
        <td>female</td>
        <td>9</td>
        <td>3</td>
        <td>2</td>
        <td>347088</td>
        <td>27.8999996</td>
        <td></td>
        <td>Southampton</td>
        <td></td>
        <td>NA</td>
        <td></td>
      </tr>
      <tr id="LC1211" class="js-file-line">
        <td id="L1211" class="blob-num js-line-number" data-line-number="1211"></td>
        <td>1210</td>
        <td>3rd</td>
        <td>0</td>
        <td>Skoog, Miss. Margit Elizabeth</td>
        <td>female</td>
        <td>2</td>
        <td>3</td>
        <td>2</td>
        <td>347088</td>
        <td>27.8999996</td>
        <td></td>
        <td>Southampton</td>
        <td></td>
        <td>NA</td>
        <td></td>
      </tr>
      <tr id="LC1212" class="js-file-line">
        <td id="L1212" class="blob-num js-line-number" data-line-number="1212"></td>
        <td>1211</td>
        <td>3rd</td>
        <td>0</td>
        <td>Skoog, Mr. Wilhelm</td>
        <td>male</td>
        <td>40</td>
        <td>1</td>
        <td>4</td>
        <td>347088</td>
        <td>27.8999996</td>
        <td></td>
        <td>Southampton</td>
        <td></td>
        <td>NA</td>
        <td></td>
      </tr>
      <tr id="LC1213" class="js-file-line">
        <td id="L1213" class="blob-num js-line-number" data-line-number="1213"></td>
        <td>1212</td>
        <td>3rd</td>
        <td>0</td>
        <td>Skoog, Mrs. William (Anna Bernh</td>
        <td>female</td>
        <td>45</td>
        <td>1</td>
        <td>4</td>
        <td>347088</td>
        <td>27.8999996</td>
        <td></td>
        <td>Southampton</td>
        <td></td>
        <td>NA</td>
        <td></td>
      </tr>
      <tr id="LC1214" class="js-file-line">
        <td id="L1214" class="blob-num js-line-number" data-line-number="1214"></td>
        <td>1213</td>
        <td>3rd</td>
        <td>0</td>
        <td>Slabenoff, Mr. Petco</td>
        <td>male</td>
        <td>NA</td>
        <td>0</td>
        <td>0</td>
        <td>349214</td>
        <td>7.89580011</td>
        <td></td>
        <td>Southampton</td>
        <td></td>
        <td>NA</td>
        <td></td>
      </tr>
      <tr id="LC1215" class="js-file-line">
        <td id="L1215" class="blob-num js-line-number" data-line-number="1215"></td>
        <td>1214</td>
        <td>3rd</td>
        <td>0</td>
        <td>Slocovski, Mr. Selman Francis</td>
        <td>male</td>
        <td>NA</td>
        <td>0</td>
        <td>0</td>
        <td>SOTON/OQ 392086</td>
        <td>8.05000019</td>
        <td></td>
        <td>Southampton</td>
        <td></td>
        <td>NA</td>
        <td></td>
      </tr>
      <tr id="LC1216" class="js-file-line">
        <td id="L1216" class="blob-num js-line-number" data-line-number="1216"></td>
        <td>1215</td>
        <td>3rd</td>
        <td>0</td>
        <td>Smiljanic, Mr. Mile</td>
        <td>male</td>
        <td>NA</td>
        <td>0</td>
        <td>0</td>
        <td>315037</td>
        <td>8.66250038</td>
        <td></td>
        <td>Southampton</td>
        <td></td>
        <td>NA</td>
        <td></td>
      </tr>
      <tr id="LC1217" class="js-file-line">
        <td id="L1217" class="blob-num js-line-number" data-line-number="1217"></td>
        <td>1216</td>
        <td>3rd</td>
        <td>0</td>
        <td>Smith, Mr. Thomas</td>
        <td>male</td>
        <td>NA</td>
        <td>0</td>
        <td>0</td>
        <td>384461</td>
        <td>7.75</td>
        <td></td>
        <td>Queenstown</td>
        <td></td>
        <td>NA</td>
        <td></td>
      </tr>
      <tr id="LC1218" class="js-file-line">
        <td id="L1218" class="blob-num js-line-number" data-line-number="1218"></td>
        <td>1217</td>
        <td>3rd</td>
        <td>1</td>
        <td>Smyth, Miss. Julia</td>
        <td>female</td>
        <td>NA</td>
        <td>0</td>
        <td>0</td>
        <td>335432</td>
        <td>7.73330021</td>
        <td></td>
        <td>Queenstown</td>
        <td>13</td>
        <td>NA</td>
        <td></td>
      </tr>
      <tr id="LC1219" class="js-file-line">
        <td id="L1219" class="blob-num js-line-number" data-line-number="1219"></td>
        <td>1218</td>
        <td>3rd</td>
        <td>0</td>
        <td>Soholt, Mr. Peter Andreas Lauri</td>
        <td>male</td>
        <td>19</td>
        <td>0</td>
        <td>0</td>
        <td>348124</td>
        <td>7.6500001</td>
        <td>F G73</td>
        <td>Southampton</td>
        <td></td>
        <td>NA</td>
        <td></td>
      </tr>
      <tr id="LC1220" class="js-file-line">
        <td id="L1220" class="blob-num js-line-number" data-line-number="1220"></td>
        <td>1219</td>
        <td>3rd</td>
        <td>0</td>
        <td>Somerton, Mr. Francis William</td>
        <td>male</td>
        <td>30</td>
        <td>0</td>
        <td>0</td>
        <td>A.5. 18509</td>
        <td>8.05000019</td>
        <td></td>
        <td>Southampton</td>
        <td></td>
        <td>NA</td>
        <td></td>
      </tr>
      <tr id="LC1221" class="js-file-line">
        <td id="L1221" class="blob-num js-line-number" data-line-number="1221"></td>
        <td>1220</td>
        <td>3rd</td>
        <td>0</td>
        <td>Spector, Mr. Woolf</td>
        <td>male</td>
        <td>NA</td>
        <td>0</td>
        <td>0</td>
        <td>A.5. 3236</td>
        <td>8.05000019</td>
        <td></td>
        <td>Southampton</td>
        <td></td>
        <td>NA</td>
        <td></td>
      </tr>
      <tr id="LC1222" class="js-file-line">
        <td id="L1222" class="blob-num js-line-number" data-line-number="1222"></td>
        <td>1221</td>
        <td>3rd</td>
        <td>0</td>
        <td>Spinner, Mr. Henry John</td>
        <td>male</td>
        <td>32</td>
        <td>0</td>
        <td>0</td>
        <td>STON/OQ. 369943</td>
        <td>8.05000019</td>
        <td></td>
        <td>Southampton</td>
        <td></td>
        <td>NA</td>
        <td></td>
      </tr>
      <tr id="LC1223" class="js-file-line">
        <td id="L1223" class="blob-num js-line-number" data-line-number="1223"></td>
        <td>1222</td>
        <td>3rd</td>
        <td>0</td>
        <td>Staneff, Mr. Ivan</td>
        <td>male</td>
        <td>NA</td>
        <td>0</td>
        <td>0</td>
        <td>349208</td>
        <td>7.89580011</td>
        <td></td>
        <td>Southampton</td>
        <td></td>
        <td>NA</td>
        <td></td>
      </tr>
      <tr id="LC1224" class="js-file-line">
        <td id="L1224" class="blob-num js-line-number" data-line-number="1224"></td>
        <td>1223</td>
        <td>3rd</td>
        <td>0</td>
        <td>Stankovic, Mr. Ivan</td>
        <td>male</td>
        <td>33</td>
        <td>0</td>
        <td>0</td>
        <td>349239</td>
        <td>8.66250038</td>
        <td></td>
        <td>Cherbourg</td>
        <td></td>
        <td>NA</td>
        <td></td>
      </tr>
      <tr id="LC1225" class="js-file-line">
        <td id="L1225" class="blob-num js-line-number" data-line-number="1225"></td>
        <td>1224</td>
        <td>3rd</td>
        <td>1</td>
        <td>Stanley, Miss. Amy Zillah Elsie</td>
        <td>female</td>
        <td>23</td>
        <td>0</td>
        <td>0</td>
        <td>CA. 2314</td>
        <td>7.55000019</td>
        <td></td>
        <td>Southampton</td>
        <td>C</td>
        <td>NA</td>
        <td></td>
      </tr>
      <tr id="LC1226" class="js-file-line">
        <td id="L1226" class="blob-num js-line-number" data-line-number="1226"></td>
        <td>1225</td>
        <td>3rd</td>
        <td>0</td>
        <td>Stanley, Mr. Edward Roland</td>
        <td>male</td>
        <td>21</td>
        <td>0</td>
        <td>0</td>
        <td>A/4 45380</td>
        <td>8.05000019</td>
        <td></td>
        <td>Southampton</td>
        <td></td>
        <td>NA</td>
        <td></td>
      </tr>
      <tr id="LC1227" class="js-file-line">
        <td id="L1227" class="blob-num js-line-number" data-line-number="1227"></td>
        <td>1226</td>
        <td>3rd</td>
        <td>0</td>
        <td>Storey, Mr. Thomas</td>
        <td>male</td>
        <td>60.5</td>
        <td>0</td>
        <td>0</td>
        <td>3701</td>
        <td>NA</td>
        <td></td>
        <td>Southampton</td>
        <td></td>
        <td>261</td>
        <td></td>
      </tr>
      <tr id="LC1228" class="js-file-line">
        <td id="L1228" class="blob-num js-line-number" data-line-number="1228"></td>
        <td>1227</td>
        <td>3rd</td>
        <td>0</td>
        <td>Stoytcheff, Mr. Ilia</td>
        <td>male</td>
        <td>19</td>
        <td>0</td>
        <td>0</td>
        <td>349205</td>
        <td>7.89580011</td>
        <td></td>
        <td>Southampton</td>
        <td></td>
        <td>NA</td>
        <td></td>
      </tr>
      <tr id="LC1229" class="js-file-line">
        <td id="L1229" class="blob-num js-line-number" data-line-number="1229"></td>
        <td>1228</td>
        <td>3rd</td>
        <td>0</td>
        <td>Strandberg, Miss. Ida Sofia</td>
        <td>female</td>
        <td>22</td>
        <td>0</td>
        <td>0</td>
        <td>7553</td>
        <td>9.83749962</td>
        <td></td>
        <td>Southampton</td>
        <td></td>
        <td>NA</td>
        <td></td>
      </tr>
      <tr id="LC1230" class="js-file-line">
        <td id="L1230" class="blob-num js-line-number" data-line-number="1230"></td>
        <td>1229</td>
        <td>3rd</td>
        <td>1</td>
        <td>Stranden, Mr. Juho</td>
        <td>male</td>
        <td>31</td>
        <td>0</td>
        <td>0</td>
        <td>STON/O 2. 3101288</td>
        <td>7.92500019</td>
        <td></td>
        <td>Southampton</td>
        <td>9</td>
        <td>NA</td>
        <td></td>
      </tr>
      <tr id="LC1231" class="js-file-line">
        <td id="L1231" class="blob-num js-line-number" data-line-number="1231"></td>
        <td>1230</td>
        <td>3rd</td>
        <td>0</td>
        <td>Strilic, Mr. Ivan</td>
        <td>male</td>
        <td>27</td>
        <td>0</td>
        <td>0</td>
        <td>315083</td>
        <td>8.66250038</td>
        <td></td>
        <td>Southampton</td>
        <td></td>
        <td>NA</td>
        <td></td>
      </tr>
      <tr id="LC1232" class="js-file-line">
        <td id="L1232" class="blob-num js-line-number" data-line-number="1232"></td>
        <td>1231</td>
        <td>3rd</td>
        <td>0</td>
        <td>Strom, Miss. Telma Matilda</td>
        <td>female</td>
        <td>2</td>
        <td>0</td>
        <td>1</td>
        <td>347054</td>
        <td>10.4624996</td>
        <td>G6</td>
        <td>Southampton</td>
        <td></td>
        <td>NA</td>
        <td></td>
      </tr>
      <tr id="LC1233" class="js-file-line">
        <td id="L1233" class="blob-num js-line-number" data-line-number="1233"></td>
        <td>1232</td>
        <td>3rd</td>
        <td>0</td>
        <td>Strom, Mrs. Wilhelm (Elna Matil</td>
        <td>female</td>
        <td>29</td>
        <td>1</td>
        <td>1</td>
        <td>347054</td>
        <td>10.4624996</td>
        <td>G6</td>
        <td>Southampton</td>
        <td></td>
        <td>NA</td>
        <td></td>
      </tr>
      <tr id="LC1234" class="js-file-line">
        <td id="L1234" class="blob-num js-line-number" data-line-number="1234"></td>
        <td>1233</td>
        <td>3rd</td>
        <td>1</td>
        <td>Sunderland, Mr. Victor Francis</td>
        <td>male</td>
        <td>16</td>
        <td>0</td>
        <td>0</td>
        <td>SOTON/OQ 392089</td>
        <td>8.05000019</td>
        <td></td>
        <td>Southampton</td>
        <td>B</td>
        <td>NA</td>
        <td></td>
      </tr>
      <tr id="LC1235" class="js-file-line">
        <td id="L1235" class="blob-num js-line-number" data-line-number="1235"></td>
        <td>1234</td>
        <td>3rd</td>
        <td>1</td>
        <td>Sundman, Mr. Johan Julian</td>
        <td>male</td>
        <td>44</td>
        <td>0</td>
        <td>0</td>
        <td>STON/O 2. 3101269</td>
        <td>7.92500019</td>
        <td></td>
        <td>Southampton</td>
        <td>15</td>
        <td>NA</td>
        <td></td>
      </tr>
      <tr id="LC1236" class="js-file-line">
        <td id="L1236" class="blob-num js-line-number" data-line-number="1236"></td>
        <td>1235</td>
        <td>3rd</td>
        <td>0</td>
        <td>Sutehall, Mr. Henry Jr</td>
        <td>male</td>
        <td>25</td>
        <td>0</td>
        <td>0</td>
        <td>SOTON/OQ 392076</td>
        <td>7.05000019</td>
        <td></td>
        <td>Southampton</td>
        <td></td>
        <td>NA</td>
        <td></td>
      </tr>
      <tr id="LC1237" class="js-file-line">
        <td id="L1237" class="blob-num js-line-number" data-line-number="1237"></td>
        <td>1236</td>
        <td>3rd</td>
        <td>0</td>
        <td>Svensson, Mr. Johan</td>
        <td>male</td>
        <td>74</td>
        <td>0</td>
        <td>0</td>
        <td>347060</td>
        <td>7.7750001</td>
        <td></td>
        <td>Southampton</td>
        <td></td>
        <td>NA</td>
        <td></td>
      </tr>
      <tr id="LC1238" class="js-file-line">
        <td id="L1238" class="blob-num js-line-number" data-line-number="1238"></td>
        <td>1237</td>
        <td>3rd</td>
        <td>1</td>
        <td>Svensson, Mr. Johan Cervin</td>
        <td>male</td>
        <td>14</td>
        <td>0</td>
        <td>0</td>
        <td>7538</td>
        <td>9.22500038</td>
        <td></td>
        <td>Southampton</td>
        <td>13</td>
        <td>NA</td>
        <td></td>
      </tr>
      <tr id="LC1239" class="js-file-line">
        <td id="L1239" class="blob-num js-line-number" data-line-number="1239"></td>
        <td>1238</td>
        <td>3rd</td>
        <td>0</td>
        <td>Svensson, Mr. Olof</td>
        <td>male</td>
        <td>24</td>
        <td>0</td>
        <td>0</td>
        <td>350035</td>
        <td>7.79580021</td>
        <td></td>
        <td>Southampton</td>
        <td></td>
        <td>NA</td>
        <td></td>
      </tr>
      <tr id="LC1240" class="js-file-line">
        <td id="L1240" class="blob-num js-line-number" data-line-number="1240"></td>
        <td>1239</td>
        <td>3rd</td>
        <td>1</td>
        <td>Tenglin, Mr. Gunnar Isidor</td>
        <td>male</td>
        <td>25</td>
        <td>0</td>
        <td>0</td>
        <td>350033</td>
        <td>7.79580021</td>
        <td></td>
        <td>Southampton</td>
        <td>13 15</td>
        <td>NA</td>
        <td></td>
      </tr>
      <tr id="LC1241" class="js-file-line">
        <td id="L1241" class="blob-num js-line-number" data-line-number="1241"></td>
        <td>1240</td>
        <td>3rd</td>
        <td>0</td>
        <td>Theobald, Mr. Thomas Leonard</td>
        <td>male</td>
        <td>34</td>
        <td>0</td>
        <td>0</td>
        <td>363294</td>
        <td>8.05000019</td>
        <td></td>
        <td>Southampton</td>
        <td></td>
        <td>176</td>
        <td></td>
      </tr>
      <tr id="LC1242" class="js-file-line">
        <td id="L1242" class="blob-num js-line-number" data-line-number="1242"></td>
        <td>1241</td>
        <td>3rd</td>
        <td>1</td>
        <td>Thomas, Master. Assad Alexander</td>
        <td>male</td>
        <td>0.416700006</td>
        <td>0</td>
        <td>1</td>
        <td>2625</td>
        <td>8.51669979</td>
        <td></td>
        <td>Cherbourg</td>
        <td>16</td>
        <td>NA</td>
        <td></td>
      </tr>
      <tr id="LC1243" class="js-file-line">
        <td id="L1243" class="blob-num js-line-number" data-line-number="1243"></td>
        <td>1242</td>
        <td>3rd</td>
        <td>0</td>
        <td>Thomas, Mr. Charles P</td>
        <td>male</td>
        <td>NA</td>
        <td>1</td>
        <td>0</td>
        <td>2621</td>
        <td>6.4375</td>
        <td></td>
        <td>Cherbourg</td>
        <td></td>
        <td>NA</td>
        <td></td>
      </tr>
      <tr id="LC1244" class="js-file-line">
        <td id="L1244" class="blob-num js-line-number" data-line-number="1244"></td>
        <td>1243</td>
        <td>3rd</td>
        <td>0</td>
        <td>Thomas, Mr. John</td>
        <td>male</td>
        <td>NA</td>
        <td>0</td>
        <td>0</td>
        <td>2681</td>
        <td>6.4375</td>
        <td></td>
        <td>Cherbourg</td>
        <td></td>
        <td>NA</td>
        <td></td>
      </tr>
      <tr id="LC1245" class="js-file-line">
        <td id="L1245" class="blob-num js-line-number" data-line-number="1245"></td>
        <td>1244</td>
        <td>3rd</td>
        <td>0</td>
        <td>Thomas, Mr. Tannous</td>
        <td>male</td>
        <td>NA</td>
        <td>0</td>
        <td>0</td>
        <td>2684</td>
        <td>7.2249999</td>
        <td></td>
        <td>Cherbourg</td>
        <td></td>
        <td>NA</td>
        <td></td>
      </tr>
      <tr id="LC1246" class="js-file-line">
        <td id="L1246" class="blob-num js-line-number" data-line-number="1246"></td>
        <td>1245</td>
        <td>3rd</td>
        <td>1</td>
        <td>Thomas, Mrs. Alexander (Thamine</td>
        <td>female</td>
        <td>16</td>
        <td>1</td>
        <td>1</td>
        <td>2625</td>
        <td>8.51669979</td>
        <td></td>
        <td>Cherbourg</td>
        <td>14</td>
        <td>NA</td>
        <td></td>
      </tr>
      <tr id="LC1247" class="js-file-line">
        <td id="L1247" class="blob-num js-line-number" data-line-number="1247"></td>
        <td>1246</td>
        <td>3rd</td>
        <td>0</td>
        <td>Thomson, Mr. Alexander Morrison</td>
        <td>male</td>
        <td>NA</td>
        <td>0</td>
        <td>0</td>
        <td>32302</td>
        <td>8.05000019</td>
        <td></td>
        <td>Southampton</td>
        <td></td>
        <td>NA</td>
        <td></td>
      </tr>
      <tr id="LC1248" class="js-file-line">
        <td id="L1248" class="blob-num js-line-number" data-line-number="1248"></td>
        <td>1247</td>
        <td>3rd</td>
        <td>0</td>
        <td>Thorneycroft, Mr. Percival</td>
        <td>male</td>
        <td>NA</td>
        <td>1</td>
        <td>0</td>
        <td>376564</td>
        <td>16.1000004</td>
        <td></td>
        <td>Southampton</td>
        <td></td>
        <td>NA</td>
        <td></td>
      </tr>
      <tr id="LC1249" class="js-file-line">
        <td id="L1249" class="blob-num js-line-number" data-line-number="1249"></td>
        <td>1248</td>
        <td>3rd</td>
        <td>1</td>
        <td>Thorneycroft, Mrs. Percival (Fl</td>
        <td>female</td>
        <td>NA</td>
        <td>1</td>
        <td>0</td>
        <td>376564</td>
        <td>16.1000004</td>
        <td></td>
        <td>Southampton</td>
        <td>10</td>
        <td>NA</td>
        <td></td>
      </tr>
      <tr id="LC1250" class="js-file-line">
        <td id="L1250" class="blob-num js-line-number" data-line-number="1250"></td>
        <td>1249</td>
        <td>3rd</td>
        <td>0</td>
        <td>Tikkanen, Mr. Juho</td>
        <td>male</td>
        <td>32</td>
        <td>0</td>
        <td>0</td>
        <td>STON/O 2. 3101293</td>
        <td>7.92500019</td>
        <td></td>
        <td>Southampton</td>
        <td></td>
        <td>NA</td>
        <td></td>
      </tr>
      <tr id="LC1251" class="js-file-line">
        <td id="L1251" class="blob-num js-line-number" data-line-number="1251"></td>
        <td>1250</td>
        <td>3rd</td>
        <td>0</td>
        <td>Tobin, Mr. Roger</td>
        <td>male</td>
        <td>NA</td>
        <td>0</td>
        <td>0</td>
        <td>383121</td>
        <td>7.75</td>
        <td>F38</td>
        <td>Queenstown</td>
        <td></td>
        <td>NA</td>
        <td></td>
      </tr>
      <tr id="LC1252" class="js-file-line">
        <td id="L1252" class="blob-num js-line-number" data-line-number="1252"></td>
        <td>1251</td>
        <td>3rd</td>
        <td>0</td>
        <td>Todoroff, Mr. Lalio</td>
        <td>male</td>
        <td>NA</td>
        <td>0</td>
        <td>0</td>
        <td>349216</td>
        <td>7.89580011</td>
        <td></td>
        <td>Southampton</td>
        <td></td>
        <td>NA</td>
        <td></td>
      </tr>
      <tr id="LC1253" class="js-file-line">
        <td id="L1253" class="blob-num js-line-number" data-line-number="1253"></td>
        <td>1252</td>
        <td>3rd</td>
        <td>0</td>
        <td>Tomlin, Mr. Ernest Portage</td>
        <td>male</td>
        <td>30.5</td>
        <td>0</td>
        <td>0</td>
        <td>364499</td>
        <td>8.05000019</td>
        <td></td>
        <td>Southampton</td>
        <td></td>
        <td>50</td>
        <td></td>
      </tr>
      <tr id="LC1254" class="js-file-line">
        <td id="L1254" class="blob-num js-line-number" data-line-number="1254"></td>
        <td>1253</td>
        <td>3rd</td>
        <td>0</td>
        <td>Torber, Mr. Ernst William</td>
        <td>male</td>
        <td>44</td>
        <td>0</td>
        <td>0</td>
        <td>364511</td>
        <td>8.05000019</td>
        <td></td>
        <td>Southampton</td>
        <td></td>
        <td>NA</td>
        <td></td>
      </tr>
      <tr id="LC1255" class="js-file-line">
        <td id="L1255" class="blob-num js-line-number" data-line-number="1255"></td>
        <td>1254</td>
        <td>3rd</td>
        <td>0</td>
        <td>Torfa, Mr. Assad</td>
        <td>male</td>
        <td>NA</td>
        <td>0</td>
        <td>0</td>
        <td>2673</td>
        <td>7.22919989</td>
        <td></td>
        <td>Cherbourg</td>
        <td></td>
        <td>NA</td>
        <td></td>
      </tr>
      <tr id="LC1256" class="js-file-line">
        <td id="L1256" class="blob-num js-line-number" data-line-number="1256"></td>
        <td>1255</td>
        <td>3rd</td>
        <td>1</td>
        <td>Tornquist, Mr. William Henry</td>
        <td>male</td>
        <td>25</td>
        <td>0</td>
        <td>0</td>
        <td>LINE</td>
        <td>0</td>
        <td></td>
        <td>Southampton</td>
        <td>15</td>
        <td>NA</td>
        <td></td>
      </tr>
      <tr id="LC1257" class="js-file-line">
        <td id="L1257" class="blob-num js-line-number" data-line-number="1257"></td>
        <td>1256</td>
        <td>3rd</td>
        <td>0</td>
        <td>Toufik, Mr. Nakli</td>
        <td>male</td>
        <td>NA</td>
        <td>0</td>
        <td>0</td>
        <td>2641</td>
        <td>7.22919989</td>
        <td></td>
        <td>Cherbourg</td>
        <td></td>
        <td>NA</td>
        <td></td>
      </tr>
      <tr id="LC1258" class="js-file-line">
        <td id="L1258" class="blob-num js-line-number" data-line-number="1258"></td>
        <td>1257</td>
        <td>3rd</td>
        <td>1</td>
        <td>Touma, Master. Georges Youssef</td>
        <td>male</td>
        <td>7</td>
        <td>1</td>
        <td>1</td>
        <td>2650</td>
        <td>15.2458</td>
        <td></td>
        <td>Cherbourg</td>
        <td>C</td>
        <td>NA</td>
        <td></td>
      </tr>
      <tr id="LC1259" class="js-file-line">
        <td id="L1259" class="blob-num js-line-number" data-line-number="1259"></td>
        <td>1258</td>
        <td>3rd</td>
        <td>1</td>
        <td>Touma, Miss. Maria Youssef</td>
        <td>female</td>
        <td>9</td>
        <td>1</td>
        <td>1</td>
        <td>2650</td>
        <td>15.2458</td>
        <td></td>
        <td>Cherbourg</td>
        <td>C</td>
        <td>NA</td>
        <td></td>
      </tr>
      <tr id="LC1260" class="js-file-line">
        <td id="L1260" class="blob-num js-line-number" data-line-number="1260"></td>
        <td>1259</td>
        <td>3rd</td>
        <td>1</td>
        <td>Touma, Mrs. Darwis (Hanne Youss</td>
        <td>female</td>
        <td>29</td>
        <td>0</td>
        <td>2</td>
        <td>2650</td>
        <td>15.2458</td>
        <td></td>
        <td>Cherbourg</td>
        <td>C</td>
        <td>NA</td>
        <td></td>
      </tr>
      <tr id="LC1261" class="js-file-line">
        <td id="L1261" class="blob-num js-line-number" data-line-number="1261"></td>
        <td>1260</td>
        <td>3rd</td>
        <td>0</td>
        <td>Turcin, Mr. Stjepan</td>
        <td>male</td>
        <td>36</td>
        <td>0</td>
        <td>0</td>
        <td>349247</td>
        <td>7.89580011</td>
        <td></td>
        <td>Southampton</td>
        <td></td>
        <td>NA</td>
        <td></td>
      </tr>
      <tr id="LC1262" class="js-file-line">
        <td id="L1262" class="blob-num js-line-number" data-line-number="1262"></td>
        <td>1261</td>
        <td>3rd</td>
        <td>1</td>
        <td>Turja, Miss. Anna Sofia</td>
        <td>female</td>
        <td>18</td>
        <td>0</td>
        <td>0</td>
        <td>4138</td>
        <td>9.8416996</td>
        <td></td>
        <td>Southampton</td>
        <td>15</td>
        <td>NA</td>
        <td></td>
      </tr>
      <tr id="LC1263" class="js-file-line">
        <td id="L1263" class="blob-num js-line-number" data-line-number="1263"></td>
        <td>1262</td>
        <td>3rd</td>
        <td>1</td>
        <td>Turkula, Mrs. (Hedwig)</td>
        <td>female</td>
        <td>63</td>
        <td>0</td>
        <td>0</td>
        <td>4134</td>
        <td>9.58749962</td>
        <td></td>
        <td>Southampton</td>
        <td>15</td>
        <td>NA</td>
        <td></td>
      </tr>
      <tr id="LC1264" class="js-file-line">
        <td id="L1264" class="blob-num js-line-number" data-line-number="1264"></td>
        <td>1263</td>
        <td>3rd</td>
        <td>0</td>
        <td>van Billiard, Master. James Wil</td>
        <td>male</td>
        <td>NA</td>
        <td>1</td>
        <td>1</td>
        <td>A/5. 851</td>
        <td>14.5</td>
        <td></td>
        <td>Southampton</td>
        <td></td>
        <td>NA</td>
        <td></td>
      </tr>
      <tr id="LC1265" class="js-file-line">
        <td id="L1265" class="blob-num js-line-number" data-line-number="1265"></td>
        <td>1264</td>
        <td>3rd</td>
        <td>0</td>
        <td>van Billiard, Master. Walter Jo</td>
        <td>male</td>
        <td>11.5</td>
        <td>1</td>
        <td>1</td>
        <td>A/5. 851</td>
        <td>14.5</td>
        <td></td>
        <td>Southampton</td>
        <td></td>
        <td>1</td>
        <td></td>
      </tr>
      <tr id="LC1266" class="js-file-line">
        <td id="L1266" class="blob-num js-line-number" data-line-number="1266"></td>
        <td>1265</td>
        <td>3rd</td>
        <td>0</td>
        <td>van Billiard, Mr. Austin Blyler</td>
        <td>male</td>
        <td>40.5</td>
        <td>0</td>
        <td>2</td>
        <td>A/5. 851</td>
        <td>14.5</td>
        <td></td>
        <td>Southampton</td>
        <td></td>
        <td>255</td>
        <td></td>
      </tr>
      <tr id="LC1267" class="js-file-line">
        <td id="L1267" class="blob-num js-line-number" data-line-number="1267"></td>
        <td>1266</td>
        <td>3rd</td>
        <td>0</td>
        <td>Van Impe, Miss. Catharina</td>
        <td>female</td>
        <td>10</td>
        <td>0</td>
        <td>2</td>
        <td>345773</td>
        <td>24.1499996</td>
        <td></td>
        <td>Southampton</td>
        <td></td>
        <td>NA</td>
        <td></td>
      </tr>
      <tr id="LC1268" class="js-file-line">
        <td id="L1268" class="blob-num js-line-number" data-line-number="1268"></td>
        <td>1267</td>
        <td>3rd</td>
        <td>0</td>
        <td>Van Impe, Mr. Jean Baptiste</td>
        <td>male</td>
        <td>36</td>
        <td>1</td>
        <td>1</td>
        <td>345773</td>
        <td>24.1499996</td>
        <td></td>
        <td>Southampton</td>
        <td></td>
        <td>NA</td>
        <td></td>
      </tr>
      <tr id="LC1269" class="js-file-line">
        <td id="L1269" class="blob-num js-line-number" data-line-number="1269"></td>
        <td>1268</td>
        <td>3rd</td>
        <td>0</td>
        <td>Van Impe, Mrs. Jean Baptiste (R</td>
        <td>female</td>
        <td>30</td>
        <td>1</td>
        <td>1</td>
        <td>345773</td>
        <td>24.1499996</td>
        <td></td>
        <td>Southampton</td>
        <td></td>
        <td>NA</td>
        <td></td>
      </tr>
      <tr id="LC1270" class="js-file-line">
        <td id="L1270" class="blob-num js-line-number" data-line-number="1270"></td>
        <td>1269</td>
        <td>3rd</td>
        <td>0</td>
        <td>van Melkebeke, Mr. Philemon</td>
        <td>male</td>
        <td>NA</td>
        <td>0</td>
        <td>0</td>
        <td>345777</td>
        <td>9.5</td>
        <td></td>
        <td>Southampton</td>
        <td></td>
        <td>NA</td>
        <td></td>
      </tr>
      <tr id="LC1271" class="js-file-line">
        <td id="L1271" class="blob-num js-line-number" data-line-number="1271"></td>
        <td>1270</td>
        <td>3rd</td>
        <td>0</td>
        <td>Vande Velde, Mr. Johannes Josep</td>
        <td>male</td>
        <td>33</td>
        <td>0</td>
        <td>0</td>
        <td>345780</td>
        <td>9.5</td>
        <td></td>
        <td>Southampton</td>
        <td></td>
        <td>NA</td>
        <td></td>
      </tr>
      <tr id="LC1272" class="js-file-line">
        <td id="L1272" class="blob-num js-line-number" data-line-number="1272"></td>
        <td>1271</td>
        <td>3rd</td>
        <td>0</td>
        <td>Vande Walle, Mr. Nestor Cyriel</td>
        <td>male</td>
        <td>28</td>
        <td>0</td>
        <td>0</td>
        <td>345770</td>
        <td>9.5</td>
        <td></td>
        <td>Southampton</td>
        <td></td>
        <td>NA</td>
        <td></td>
      </tr>
      <tr id="LC1273" class="js-file-line">
        <td id="L1273" class="blob-num js-line-number" data-line-number="1273"></td>
        <td>1272</td>
        <td>3rd</td>
        <td>0</td>
        <td>Vanden Steen, Mr. Leo Peter</td>
        <td>male</td>
        <td>28</td>
        <td>0</td>
        <td>0</td>
        <td>345783</td>
        <td>9.5</td>
        <td></td>
        <td>Southampton</td>
        <td></td>
        <td>NA</td>
        <td></td>
      </tr>
      <tr id="LC1274" class="js-file-line">
        <td id="L1274" class="blob-num js-line-number" data-line-number="1274"></td>
        <td>1273</td>
        <td>3rd</td>
        <td>0</td>
        <td>Vander Cruyssen, Mr. Victor</td>
        <td>male</td>
        <td>47</td>
        <td>0</td>
        <td>0</td>
        <td>345765</td>
        <td>9</td>
        <td></td>
        <td>Southampton</td>
        <td></td>
        <td>NA</td>
        <td></td>
      </tr>
      <tr id="LC1275" class="js-file-line">
        <td id="L1275" class="blob-num js-line-number" data-line-number="1275"></td>
        <td>1274</td>
        <td>3rd</td>
        <td>0</td>
        <td>Vander Planke, Miss. Augusta Ma</td>
        <td>female</td>
        <td>18</td>
        <td>2</td>
        <td>0</td>
        <td>345764</td>
        <td>18</td>
        <td></td>
        <td>Southampton</td>
        <td></td>
        <td>NA</td>
        <td></td>
      </tr>
      <tr id="LC1276" class="js-file-line">
        <td id="L1276" class="blob-num js-line-number" data-line-number="1276"></td>
        <td>1275</td>
        <td>3rd</td>
        <td>0</td>
        <td>Vander Planke, Mr. Julius</td>
        <td>male</td>
        <td>31</td>
        <td>3</td>
        <td>0</td>
        <td>345763</td>
        <td>18</td>
        <td></td>
        <td>Southampton</td>
        <td></td>
        <td>NA</td>
        <td></td>
      </tr>
      <tr id="LC1277" class="js-file-line">
        <td id="L1277" class="blob-num js-line-number" data-line-number="1277"></td>
        <td>1276</td>
        <td>3rd</td>
        <td>0</td>
        <td>Vander Planke, Mr. Leo Edmondus</td>
        <td>male</td>
        <td>16</td>
        <td>2</td>
        <td>0</td>
        <td>345764</td>
        <td>18</td>
        <td></td>
        <td>Southampton</td>
        <td></td>
        <td>NA</td>
        <td></td>
      </tr>
      <tr id="LC1278" class="js-file-line">
        <td id="L1278" class="blob-num js-line-number" data-line-number="1278"></td>
        <td>1277</td>
        <td>3rd</td>
        <td>0</td>
        <td>Vander Planke, Mrs. Julius (Eme</td>
        <td>female</td>
        <td>31</td>
        <td>1</td>
        <td>0</td>
        <td>345763</td>
        <td>18</td>
        <td></td>
        <td>Southampton</td>
        <td></td>
        <td>NA</td>
        <td></td>
      </tr>
      <tr id="LC1279" class="js-file-line">
        <td id="L1279" class="blob-num js-line-number" data-line-number="1279"></td>
        <td>1278</td>
        <td>3rd</td>
        <td>1</td>
        <td>Vartanian, Mr. David</td>
        <td>male</td>
        <td>22</td>
        <td>0</td>
        <td>0</td>
        <td>2658</td>
        <td>7.2249999</td>
        <td></td>
        <td>Cherbourg</td>
        <td>13 15</td>
        <td>NA</td>
        <td></td>
      </tr>
      <tr id="LC1280" class="js-file-line">
        <td id="L1280" class="blob-num js-line-number" data-line-number="1280"></td>
        <td>1279</td>
        <td>3rd</td>
        <td>0</td>
        <td>Vendel, Mr. Olof Edvin</td>
        <td>male</td>
        <td>20</td>
        <td>0</td>
        <td>0</td>
        <td>350416</td>
        <td>7.85419989</td>
        <td></td>
        <td>Southampton</td>
        <td></td>
        <td>NA</td>
        <td></td>
      </tr>
      <tr id="LC1281" class="js-file-line">
        <td id="L1281" class="blob-num js-line-number" data-line-number="1281"></td>
        <td>1280</td>
        <td>3rd</td>
        <td>0</td>
        <td>Vestrom, Miss. Hulda Amanda Ado</td>
        <td>female</td>
        <td>14</td>
        <td>0</td>
        <td>0</td>
        <td>350406</td>
        <td>7.85419989</td>
        <td></td>
        <td>Southampton</td>
        <td></td>
        <td>NA</td>
        <td></td>
      </tr>
      <tr id="LC1282" class="js-file-line">
        <td id="L1282" class="blob-num js-line-number" data-line-number="1282"></td>
        <td>1281</td>
        <td>3rd</td>
        <td>0</td>
        <td>Vovk, Mr. Janko</td>
        <td>male</td>
        <td>22</td>
        <td>0</td>
        <td>0</td>
        <td>349252</td>
        <td>7.89580011</td>
        <td></td>
        <td>Southampton</td>
        <td></td>
        <td>NA</td>
        <td></td>
      </tr>
      <tr id="LC1283" class="js-file-line">
        <td id="L1283" class="blob-num js-line-number" data-line-number="1283"></td>
        <td>1282</td>
        <td>3rd</td>
        <td>0</td>
        <td>Waelens, Mr. Achille</td>
        <td>male</td>
        <td>22</td>
        <td>0</td>
        <td>0</td>
        <td>345767</td>
        <td>9</td>
        <td></td>
        <td>Southampton</td>
        <td></td>
        <td>NA</td>
        <td>Antwerp, Belgium / Stanton, OH</td>
      </tr>
      <tr id="LC1284" class="js-file-line">
        <td id="L1284" class="blob-num js-line-number" data-line-number="1284"></td>
        <td>1283</td>
        <td>3rd</td>
        <td>0</td>
        <td>Ware, Mr. Frederick</td>
        <td>male</td>
        <td>NA</td>
        <td>0</td>
        <td>0</td>
        <td>359309</td>
        <td>8.05000019</td>
        <td></td>
        <td>Southampton</td>
        <td></td>
        <td>NA</td>
        <td></td>
      </tr>
      <tr id="LC1285" class="js-file-line">
        <td id="L1285" class="blob-num js-line-number" data-line-number="1285"></td>
        <td>1284</td>
        <td>3rd</td>
        <td>0</td>
        <td>Warren, Mr. Charles William</td>
        <td>male</td>
        <td>NA</td>
        <td>0</td>
        <td>0</td>
        <td>C.A. 49867</td>
        <td>7.55000019</td>
        <td></td>
        <td>Southampton</td>
        <td></td>
        <td>NA</td>
        <td></td>
      </tr>
      <tr id="LC1286" class="js-file-line">
        <td id="L1286" class="blob-num js-line-number" data-line-number="1286"></td>
        <td>1285</td>
        <td>3rd</td>
        <td>0</td>
        <td>Webber, Mr. James</td>
        <td>male</td>
        <td>NA</td>
        <td>0</td>
        <td>0</td>
        <td>SOTON/OQ 3101316</td>
        <td>8.05000019</td>
        <td></td>
        <td>Southampton</td>
        <td></td>
        <td>NA</td>
        <td></td>
      </tr>
      <tr id="LC1287" class="js-file-line">
        <td id="L1287" class="blob-num js-line-number" data-line-number="1287"></td>
        <td>1286</td>
        <td>3rd</td>
        <td>0</td>
        <td>Wenzel, Mr. Linhart</td>
        <td>male</td>
        <td>32.5</td>
        <td>0</td>
        <td>0</td>
        <td>345775</td>
        <td>9.5</td>
        <td></td>
        <td>Southampton</td>
        <td></td>
        <td>298</td>
        <td></td>
      </tr>
      <tr id="LC1288" class="js-file-line">
        <td id="L1288" class="blob-num js-line-number" data-line-number="1288"></td>
        <td>1287</td>
        <td>3rd</td>
        <td>1</td>
        <td>Whabee, Mrs. George Joseph (Sha</td>
        <td>female</td>
        <td>38</td>
        <td>0</td>
        <td>0</td>
        <td>2688</td>
        <td>7.22919989</td>
        <td></td>
        <td>Cherbourg</td>
        <td>C</td>
        <td>NA</td>
        <td></td>
      </tr>
      <tr id="LC1289" class="js-file-line">
        <td id="L1289" class="blob-num js-line-number" data-line-number="1289"></td>
        <td>1288</td>
        <td>3rd</td>
        <td>0</td>
        <td>Widegren, Mr. Carl/Charles Pete</td>
        <td>male</td>
        <td>51</td>
        <td>0</td>
        <td>0</td>
        <td>347064</td>
        <td>7.75</td>
        <td></td>
        <td>Southampton</td>
        <td></td>
        <td>NA</td>
        <td></td>
      </tr>
      <tr id="LC1290" class="js-file-line">
        <td id="L1290" class="blob-num js-line-number" data-line-number="1290"></td>
        <td>1289</td>
        <td>3rd</td>
        <td>0</td>
        <td>Wiklund, Mr. Jakob Alfred</td>
        <td>male</td>
        <td>18</td>
        <td>1</td>
        <td>0</td>
        <td>3101267</td>
        <td>6.49580002</td>
        <td></td>
        <td>Southampton</td>
        <td></td>
        <td>314</td>
        <td></td>
      </tr>
      <tr id="LC1291" class="js-file-line">
        <td id="L1291" class="blob-num js-line-number" data-line-number="1291"></td>
        <td>1290</td>
        <td>3rd</td>
        <td>0</td>
        <td>Wiklund, Mr. Karl Johan</td>
        <td>male</td>
        <td>21</td>
        <td>1</td>
        <td>0</td>
        <td>3101266</td>
        <td>6.49580002</td>
        <td></td>
        <td>Southampton</td>
        <td></td>
        <td>NA</td>
        <td></td>
      </tr>
      <tr id="LC1292" class="js-file-line">
        <td id="L1292" class="blob-num js-line-number" data-line-number="1292"></td>
        <td>1291</td>
        <td>3rd</td>
        <td>1</td>
        <td>Wilkes, Mrs. James (Ellen Needs</td>
        <td>female</td>
        <td>47</td>
        <td>1</td>
        <td>0</td>
        <td>363272</td>
        <td>7</td>
        <td></td>
        <td>Southampton</td>
        <td></td>
        <td>NA</td>
        <td></td>
      </tr>
      <tr id="LC1293" class="js-file-line">
        <td id="L1293" class="blob-num js-line-number" data-line-number="1293"></td>
        <td>1292</td>
        <td>3rd</td>
        <td>0</td>
        <td>Willer, Mr. Aaron (\&quot;Abi Weller\&quot;</td>
        <td>male</td>
        <td>NA</td>
        <td>0</td>
        <td>0</td>
        <td>3410</td>
        <td>8.71249962</td>
        <td></td>
        <td>Southampton</td>
        <td></td>
        <td>NA</td>
        <td></td>
      </tr>
      <tr id="LC1294" class="js-file-line">
        <td id="L1294" class="blob-num js-line-number" data-line-number="1294"></td>
        <td>1293</td>
        <td>3rd</td>
        <td>0</td>
        <td>Willey, Mr. Edward</td>
        <td>male</td>
        <td>NA</td>
        <td>0</td>
        <td>0</td>
        <td>S.O./P.P. 751</td>
        <td>7.55000019</td>
        <td></td>
        <td>Southampton</td>
        <td></td>
        <td>NA</td>
        <td></td>
      </tr>
      <tr id="LC1295" class="js-file-line">
        <td id="L1295" class="blob-num js-line-number" data-line-number="1295"></td>
        <td>1294</td>
        <td>3rd</td>
        <td>0</td>
        <td>Williams, Mr. Howard Hugh \&quot;Harr</td>
        <td>male</td>
        <td>NA</td>
        <td>0</td>
        <td>0</td>
        <td>A/5 2466</td>
        <td>8.05000019</td>
        <td></td>
        <td>Southampton</td>
        <td></td>
        <td>NA</td>
        <td></td>
      </tr>
      <tr id="LC1296" class="js-file-line">
        <td id="L1296" class="blob-num js-line-number" data-line-number="1296"></td>
        <td>1295</td>
        <td>3rd</td>
        <td>0</td>
        <td>Williams, Mr. Leslie</td>
        <td>male</td>
        <td>28.5</td>
        <td>0</td>
        <td>0</td>
        <td>54636</td>
        <td>16.1000004</td>
        <td></td>
        <td>Southampton</td>
        <td></td>
        <td>14</td>
        <td></td>
      </tr>
      <tr id="LC1297" class="js-file-line">
        <td id="L1297" class="blob-num js-line-number" data-line-number="1297"></td>
        <td>1296</td>
        <td>3rd</td>
        <td>0</td>
        <td>Windelov, Mr. Einar</td>
        <td>male</td>
        <td>21</td>
        <td>0</td>
        <td>0</td>
        <td>SOTON/OQ 3101317</td>
        <td>7.25</td>
        <td></td>
        <td>Southampton</td>
        <td></td>
        <td>NA</td>
        <td></td>
      </tr>
      <tr id="LC1298" class="js-file-line">
        <td id="L1298" class="blob-num js-line-number" data-line-number="1298"></td>
        <td>1297</td>
        <td>3rd</td>
        <td>0</td>
        <td>Wirz, Mr. Albert</td>
        <td>male</td>
        <td>27</td>
        <td>0</td>
        <td>0</td>
        <td>315154</td>
        <td>8.66250038</td>
        <td></td>
        <td>Southampton</td>
        <td></td>
        <td>131</td>
        <td></td>
      </tr>
      <tr id="LC1299" class="js-file-line">
        <td id="L1299" class="blob-num js-line-number" data-line-number="1299"></td>
        <td>1298</td>
        <td>3rd</td>
        <td>0</td>
        <td>Wiseman, Mr. Phillippe</td>
        <td>male</td>
        <td>NA</td>
        <td>0</td>
        <td>0</td>
        <td>A/4. 34244</td>
        <td>7.25</td>
        <td></td>
        <td>Southampton</td>
        <td></td>
        <td>NA</td>
        <td></td>
      </tr>
      <tr id="LC1300" class="js-file-line">
        <td id="L1300" class="blob-num js-line-number" data-line-number="1300"></td>
        <td>1299</td>
        <td>3rd</td>
        <td>0</td>
        <td>Wittevrongel, Mr. Camille</td>
        <td>male</td>
        <td>36</td>
        <td>0</td>
        <td>0</td>
        <td>345771</td>
        <td>9.5</td>
        <td></td>
        <td>Southampton</td>
        <td></td>
        <td>NA</td>
        <td></td>
      </tr>
      <tr id="LC1301" class="js-file-line">
        <td id="L1301" class="blob-num js-line-number" data-line-number="1301"></td>
        <td>1300</td>
        <td>3rd</td>
        <td>0</td>
        <td>Yasbeck, Mr. Antoni</td>
        <td>male</td>
        <td>27</td>
        <td>1</td>
        <td>0</td>
        <td>2659</td>
        <td>14.4541998</td>
        <td></td>
        <td>Cherbourg</td>
        <td>C</td>
        <td>NA</td>
        <td></td>
      </tr>
      <tr id="LC1302" class="js-file-line">
        <td id="L1302" class="blob-num js-line-number" data-line-number="1302"></td>
        <td>1301</td>
        <td>3rd</td>
        <td>1</td>
        <td>Yasbeck, Mrs. Antoni (Selini Al</td>
        <td>female</td>
        <td>15</td>
        <td>1</td>
        <td>0</td>
        <td>2659</td>
        <td>14.4541998</td>
        <td></td>
        <td>Cherbourg</td>
        <td></td>
        <td>NA</td>
        <td></td>
      </tr>
      <tr id="LC1303" class="js-file-line">
        <td id="L1303" class="blob-num js-line-number" data-line-number="1303"></td>
        <td>1302</td>
        <td>3rd</td>
        <td>0</td>
        <td>Youseff, Mr. Gerious</td>
        <td>male</td>
        <td>45.5</td>
        <td>0</td>
        <td>0</td>
        <td>2628</td>
        <td>7.2249999</td>
        <td></td>
        <td>Cherbourg</td>
        <td></td>
        <td>312</td>
        <td></td>
      </tr>
      <tr id="LC1304" class="js-file-line">
        <td id="L1304" class="blob-num js-line-number" data-line-number="1304"></td>
        <td>1303</td>
        <td>3rd</td>
        <td>0</td>
        <td>Yousif, Mr. Wazli</td>
        <td>male</td>
        <td>NA</td>
        <td>0</td>
        <td>0</td>
        <td>2647</td>
        <td>7.2249999</td>
        <td></td>
        <td>Cherbourg</td>
        <td></td>
        <td>NA</td>
        <td></td>
      </tr>
      <tr id="LC1305" class="js-file-line">
        <td id="L1305" class="blob-num js-line-number" data-line-number="1305"></td>
        <td>1304</td>
        <td>3rd</td>
        <td>0</td>
        <td>Yousseff, Mr. Gerious</td>
        <td>male</td>
        <td>NA</td>
        <td>0</td>
        <td>0</td>
        <td>2627</td>
        <td>14.4582996</td>
        <td></td>
        <td>Cherbourg</td>
        <td></td>
        <td>NA</td>
        <td></td>
      </tr>
      <tr id="LC1306" class="js-file-line">
        <td id="L1306" class="blob-num js-line-number" data-line-number="1306"></td>
        <td>1305</td>
        <td>3rd</td>
        <td>0</td>
        <td>Zabour, Miss. Hileni</td>
        <td>female</td>
        <td>14.5</td>
        <td>1</td>
        <td>0</td>
        <td>2665</td>
        <td>14.4541998</td>
        <td></td>
        <td>Cherbourg</td>
        <td></td>
        <td>328</td>
        <td></td>
      </tr>
      <tr id="LC1307" class="js-file-line">
        <td id="L1307" class="blob-num js-line-number" data-line-number="1307"></td>
        <td>1306</td>
        <td>3rd</td>
        <td>0</td>
        <td>Zabour, Miss. Thamine</td>
        <td>female</td>
        <td>NA</td>
        <td>1</td>
        <td>0</td>
        <td>2665</td>
        <td>14.4541998</td>
        <td></td>
        <td>Cherbourg</td>
        <td></td>
        <td>NA</td>
        <td></td>
      </tr>
      <tr id="LC1308" class="js-file-line">
        <td id="L1308" class="blob-num js-line-number" data-line-number="1308"></td>
        <td>1307</td>
        <td>3rd</td>
        <td>0</td>
        <td>Zakarian, Mr. Mapriededer</td>
        <td>male</td>
        <td>26.5</td>
        <td>0</td>
        <td>0</td>
        <td>2656</td>
        <td>7.2249999</td>
        <td></td>
        <td>Cherbourg</td>
        <td></td>
        <td>304</td>
        <td></td>
      </tr>
      <tr id="LC1309" class="js-file-line">
        <td id="L1309" class="blob-num js-line-number" data-line-number="1309"></td>
        <td>1308</td>
        <td>3rd</td>
        <td>0</td>
        <td>Zakarian, Mr. Ortin</td>
        <td>male</td>
        <td>27</td>
        <td>0</td>
        <td>0</td>
        <td>2670</td>
        <td>7.2249999</td>
        <td></td>
        <td>Cherbourg</td>
        <td></td>
        <td>NA</td>
        <td></td>
      </tr>
      <tr id="LC1310" class="js-file-line">
        <td id="L1310" class="blob-num js-line-number" data-line-number="1310"></td>
        <td>1309</td>
        <td>3rd</td>
        <td>0</td>
        <td>Zimmerman, Mr. Leo</td>
        <td>male</td>
        <td>29</td>
        <td>0</td>
        <td>0</td>
        <td>315082</td>
        <td>7.875</td>
        <td></td>
        <td>Southampton</td>
        <td></td>
        <td>NA</td>
        <td></td>
      </tr>
    </tbody>
  </table>
</div>

  </div>

</div>

<button type="button" data-facebox="#jump-to-line" data-facebox-class="linejump" data-hotkey="l" class="d-none">Jump to Line</button>
<div id="jump-to-line" style="display:none">
  <!-- '"` --><!-- </textarea></xmp> --></option></form><form accept-charset="UTF-8" action="" class="js-jump-to-line-form" method="get"><div style="margin:0;padding:0;display:inline"><input name="utf8" type="hidden" value="&#x2713;" /></div>
    <input class="form-control linejump-input js-jump-to-line-field" type="text" placeholder="Jump to line&hellip;" aria-label="Jump to line" autofocus>
    <button type="submit" class="btn">Go</button>
</form></div>

  </div>
  <div class="modal-backdrop js-touch-events"></div>
</div>


    </div>
  </div>

    </div>

        <div class="container site-footer-container">
  <div class="site-footer" role="contentinfo">
    <ul class="site-footer-links float-right">
        <li><a href="https://github.com/contact" data-ga-click="Footer, go to contact, text:contact">Contact GitHub</a></li>
      <li><a href="https://developer.github.com" data-ga-click="Footer, go to api, text:api">API</a></li>
      <li><a href="https://training.github.com" data-ga-click="Footer, go to training, text:training">Training</a></li>
      <li><a href="https://shop.github.com" data-ga-click="Footer, go to shop, text:shop">Shop</a></li>
        <li><a href="https://github.com/blog" data-ga-click="Footer, go to blog, text:blog">Blog</a></li>
        <li><a href="https://github.com/about" data-ga-click="Footer, go to about, text:about">About</a></li>

    </ul>

    <a href="https://github.com" aria-label="Homepage" class="site-footer-mark" title="GitHub">
      <svg aria-hidden="true" class="octicon octicon-mark-github" height="24" version="1.1" viewBox="0 0 16 16" width="24"><path fill-rule="evenodd" d="M8 0C3.58 0 0 3.58 0 8c0 3.54 2.29 6.53 5.47 7.59.4.07.55-.17.55-.38 0-.19-.01-.82-.01-1.49-2.01.37-2.53-.49-2.69-.94-.09-.23-.48-.94-.82-1.13-.28-.15-.68-.52-.01-.53.63-.01 1.08.58 1.23.82.72 1.21 1.87.87 2.33.66.07-.52.28-.87.51-1.07-1.78-.2-3.64-.89-3.64-3.95 0-.87.31-1.59.82-2.15-.08-.2-.36-1.02.08-2.12 0 0 .67-.21 2.2.82.64-.18 1.32-.27 2-.27.68 0 1.36.09 2 .27 1.53-1.04 2.2-.82 2.2-.82.44 1.1.16 1.92.08 2.12.51.56.82 1.27.82 2.15 0 3.07-1.87 3.75-3.65 3.95.29.25.54.73.54 1.48 0 1.07-.01 1.93-.01 2.2 0 .21.15.46.55.38A8.013 8.013 0 0 0 16 8c0-4.42-3.58-8-8-8z"/></svg>
</a>
    <ul class="site-footer-links">
      <li>&copy; 2016 <span title="0.21579s from github-fe164-cp1-prd.iad.github.net">GitHub</span>, Inc.</li>
        <li><a href="https://github.com/site/terms" data-ga-click="Footer, go to terms, text:terms">Terms</a></li>
        <li><a href="https://github.com/site/privacy" data-ga-click="Footer, go to privacy, text:privacy">Privacy</a></li>
        <li><a href="https://github.com/security" data-ga-click="Footer, go to security, text:security">Security</a></li>
        <li><a href="https://status.github.com/" data-ga-click="Footer, go to status, text:status">Status</a></li>
        <li><a href="https://help.github.com" data-ga-click="Footer, go to help, text:help">Help</a></li>
    </ul>
  </div>
</div>



    

    <div id="ajax-error-message" class="ajax-error-message flash flash-error">
      <svg aria-hidden="true" class="octicon octicon-alert" height="16" version="1.1" viewBox="0 0 16 16" width="16"><path fill-rule="evenodd" d="M8.865 1.52c-.18-.31-.51-.5-.87-.5s-.69.19-.87.5L.275 13.5c-.18.31-.18.69 0 1 .19.31.52.5.87.5h13.7c.36 0 .69-.19.86-.5.17-.31.18-.69.01-1L8.865 1.52zM8.995 13h-2v-2h2v2zm0-3h-2V6h2v4z"/></svg>
      <button type="button" class="flash-close js-flash-close js-ajax-error-dismiss" aria-label="Dismiss error">
        <svg aria-hidden="true" class="octicon octicon-x" height="16" version="1.1" viewBox="0 0 12 16" width="12"><path fill-rule="evenodd" d="M7.48 8l3.75 3.75-1.48 1.48L6 9.48l-3.75 3.75-1.48-1.48L4.52 8 .77 4.25l1.48-1.48L6 6.52l3.75-3.75 1.48 1.48z"/></svg>
      </button>
      You can't perform that action at this time.
    </div>


      
      <script crossorigin="anonymous" integrity="sha256-H2V6rQRnxA/cSbnj8hFROOBU/6ghI428YKRSrCE2YXA=" src="https://assets-cdn.github.com/assets/frameworks-1f657aad0467c40fdc49b9e3f2115138e054ffa821238dbc60a452ac21366170.js"></script>
      <script async="async" crossorigin="anonymous" integrity="sha256-1f5DHPGJ9iZeoXWm1tAdFSwxJIAr2Hwt4BkBzhRM5Ck=" src="https://assets-cdn.github.com/assets/github-d5fe431cf189f6265ea175a6d6d01d152c3124802bd87c2de01901ce144ce429.js"></script>
      
      
      
      
    <div class="js-stale-session-flash stale-session-flash flash flash-warn flash-banner d-none">
      <svg aria-hidden="true" class="octicon octicon-alert" height="16" version="1.1" viewBox="0 0 16 16" width="16"><path fill-rule="evenodd" d="M8.865 1.52c-.18-.31-.51-.5-.87-.5s-.69.19-.87.5L.275 13.5c-.18.31-.18.69 0 1 .19.31.52.5.87.5h13.7c.36 0 .69-.19.86-.5.17-.31.18-.69.01-1L8.865 1.52zM8.995 13h-2v-2h2v2zm0-3h-2V6h2v4z"/></svg>
      <span class="signed-in-tab-flash">You signed in with another tab or window. <a href="">Reload</a> to refresh your session.</span>
      <span class="signed-out-tab-flash">You signed out in another tab or window. <a href="">Reload</a> to refresh your session.</span>
    </div>
    <div class="facebox" id="facebox" style="display:none;">
  <div class="facebox-popup">
    <div class="facebox-content" role="dialog" aria-labelledby="facebox-header" aria-describedby="facebox-description">
    </div>
    <button type="button" class="facebox-close js-facebox-close" aria-label="Close modal">
      <svg aria-hidden="true" class="octicon octicon-x" height="16" version="1.1" viewBox="0 0 12 16" width="12"><path fill-rule="evenodd" d="M7.48 8l3.75 3.75-1.48 1.48L6 9.48l-3.75 3.75-1.48-1.48L4.52 8 .77 4.25l1.48-1.48L6 6.52l3.75-3.75 1.48 1.48z"/></svg>
    </button>
  </div>
</div>

  </body>
</html>

